wget_rate
733184
33075.2
35737.6
71475.2
42291.2
1488977.92
35532.8
825344
44339.2
161792
18841.6
3184.64
1873.92
82124.8
1793064.96
93491.2
51609.6
287744
70656
1866465.28
157696
1887436.8
244736
143360
125829120
455680
1142947.84
532480
159744
77209.6
236544
969728
20480
31948.8
550912
13619.2
1142947.84
5580.8
1022
834560
191488
96665.6
66662.4
100044.8
47616
11673.6
1478492.16
416
99737.6
60108.8
39526.4
238592
158720
23449.6
173056
41369.6
879616
29491.2
173056
87244.8
1342177.28
838656
967680
245760
808960
34099.2
21606.4
59801.6
33587.2
68608
25292.8
29900.8
71065.6
692224
900096
27852.8
173056
109568
1009664
17510.4
56422.4
362496
57548.8
55603.2
10956.8
726016
117760
145408
1247805.44
3512.32
177152
80179.2
1656750.08
1174405.12
202752
84582.4
76083.2
10086.4
95539.2
32768
1551892.48
1939865.6
100864
115712
85196.8
32972.8
3829.76
43212.8
81817.6
84172.8
177152
247808
35737.6
9574.4
94822.4
813056
28876.8
1237319.68
149504
49459.2
740352
16384
23756.8
6502.4
19763.2
21299.2
990208
45260.8
110592
18739.2
1132462.08
20377.6
17305.6
45056
34201.6
67379.2
291840
1184890.88
243712
25907.2
24473.6
917
248832
1698693.12
128000
46387.2
3532.8
905216
39731.2
16588.8
1226833.92
10444.8
786432
43315.2
28467.2
249856
231424
45670.4
33382.4
250880
24166.4
108544
175104
243712
38195.2
1835008
17100.8
42393.6
283
1247805.44
2055208.96
27545.6
31744
161792
149504
30617.6
111616
888832
888832
6021.12
46489.6
1384120.32
217088
404480
56832
42598.4
1897922.56
227328
17100.8
823296
220160
1730150.4
1195376.64
53760
48742.4
36044.8
1237319.68
1488977.92
32768
1195376.64
1080033.28
1300234.24
1950351.36
240640
94208
41369.6
65945.6
87552
94515.2
15769.6
953344
147456
22937.6
835584
1793064.96
29491.2
148480
4208.64
54374.4
248832
244736
50688
696320
101785.6
155648
673792
5806.08
2754.56
97792
246784
39628.8
244736
113664
39321.6
12185.6
25804.8
1342177.28
120832
62361.6
1433.6
2088.96
96563.2
1782579.2
216064
38809.6
908288
479232
827392
7106.56
797696
159744
1457520.64
722944
191488
90316.8
49254.4
86016
1163919.36
128000
906240
1069547.52
165888
871424
6512.64
74649.6
37683.2
20172.8
21913.6
14028.8
118784
158720
11366.4
8949.76
1992294.4
42086.4
204800
29593.6
29593.6
738304
168960
4986.88
65433.6
16588.8
16896
30515.2
434176
428032
34713.6
87859.2
96972.8
230400
1300234.24
833536
45056
295936
49971.2
7669.76
65024
144384
1803550.72
934912
62976
64716.8
18534.4
79052.8
1090519.04
55603.2
1279262.72
54579.2
59187.2
6410.24
43520
1677721.6
20582.4
28467.2
33177.6
46284.8
180224
1793064.96
429056
1751121.92
189440
1415577.6
32870.4
724992
37683.2
20172.8
174080
23552
27545.6
8929.28
1279262.72
711680
1562378.24
1782579.2
37785.6
33689.6
1342177.28
61849.6
558080
1730150.4
1855979.52
97996.8
14131.2
36659.2
20992
27545.6
49971.2
41574.4
21811.2
45568
39628.8
66048
47718.4
36761.6
190464
26521.6
48332.8
39628.8
966656
103424
61952
805888
1226833.92
49766.4
1300234.24
180224
1866465.28
1855979.52
4167.68
1488977.92
108544
87347.2
55910.4
65740.8
691200
1876951.04
49766.4
193536
48332.8
58982.4
174080
221184
32460.8
882688
154624
31436.8
1321205.76
174080
1300234.24
26009.6
27238.4
1321205.76
107520
52940.8
47616
1310720
73318.4
25088
144384
53145.6
1939865.6
40857.6
51302.4
1111490.56
1090519.04
148480
66048
46694.4
1405091.84
123904
120832
30105.6
738304
73625.6
868352
135168
122880
1184890.88
29900.8
17100.8
1004544
34816
153600
1111490.56
698368
27033.6
327680
35942.4
148480
10342.4
1111490.56
738304
1562378.24
21811.2
1488977.92
2317352.96
9000.96
1457520.64
1310720
46489.6
29593.6
60928
1719664.64
109568
24576
121856
56934.4
50585.6
50892.8
48640
23654.4
49049.6
39936
736256
1960837.12
44134.4
240640
94105.6
32153.6
30720
1310720
14438.4
34713.6
237568
151552
116736
1069547.52
52633.6
763904
32665.6
31846.4
31641.6
4853.76
155648
32972.8
191488
1153433.6
12492.8
38092.8
140288
149504
54681.6
48640
136192
40550.4
521216
32460.8
33996.8
43110.4
156672
25292.8
175104
308224
59904
21606.4
223232
106496
58777.6
40550.4
41574.4
884736
1604321.28
1793064.96
233472
827392
56012.8
38400
22220.8
26214.4
180224
243712
18944
169984
1331691.52
98304
55296
879616
196608
52940.8
61030.4
1289748.48
84070.4
493568
808960
43827.2
1258291.2
17612.8
456704
50585.6
2118123.52
29081.6
64716.8
78336
18227.2
34918.4
150528
736256
111616
792576
975872
68915.2
168960
97792
145408
97792
398336
4823.04
1698693.12
35225.6
36147.2
29798.4
348160
1059061.76
1205862.4
45260.8
104448
1436549.12
34508.8
1003520
1814036.48
715776
664576
4945.92
1667235.84
35737.6
94515.2
43827.2
349184
178
43110.4
1730150.4
10649.6
229376
185344
32153.6
34611.2
37990.4
1195376.64
1321205.76
17203.2
688128
239616
62566.4
30105.6
1478492.16
42496
956416
39014.4
1174405.12
1625292.8
110592
1032192
29593.6
388096
58572.8
61849.6
27750.4
34304
17817.6
143360
850944
41267.2
17203.2
69324.8
1080033.28
133120
54067.2
33689.6
23347.2
893952
12390.4
59699.2
1960837.12
23961.6
39116.8
27955.2
40652.8
1740636.16
1866465.28
86425.6
28160
11161.6
29286.4
1195376.64
30515.2
50176
118784
52326.4
1793064.96
1080033.28
118784
244736
16281.6
51916.8
791
1310720
1939865.6
1908408.32
1593835.52
125952
111616
733184
246784
1153433.6
41472
61337.6
246784
28876.8
242688
39526.4
1583349.76
777216
41676.8
40448
1604321.28
48435.2
200704
70144
444416
36249.6
37068.8
26419.2
26009.6
43929.6
26009.6
33996.8
165888
43417.6
29081.6
240640
47923.2
197632
93388.8
1845493.76
33382.4
1258291.2
25497.6
441344
16691.2
18534.4
220160
55296
31436.8
899072
15155.2
20582.4
133169152
35737.6
238592
74444.8
148480
1216348.16
242688
249856
1237319.68
1426063.36
39116.8
28262.4
21299.2
34508.8
27340.8
104448
60416
13414.4
96358.4
4106.24
7219.2
18432
73625.6
15155.2
48742.4
11059.2
97382.4
71475.2
25190.4
30822.4
25190.4
46796.8
216064
14745.6
39526.4
23961.6
1237319.68
41676.8
58163.2
49049.6
36659.2
238592
157696
457728
44748.8
49356.8
163840
33280
94003.2
1163919.36
24268.8
93388.8
1331691.52
1688207.36
40448
112640
47104
50790.4
204800
1059061.76
19660.8
53760
52633.6
1635778.56
63078.4
35635.2
743424
95232
22220.8
31129.6
69734.4
546816
1003520
37990.4
13926.4
164864
182272
1373634.56
2672.64
1971322.88
27750.4
28467.2
2037.76
1352663.04
935936
1646264.32
49049.6
285696
119808
1331691.52
23859.2
1656750.08
212992
155648
432128
33280
105472
8069.12
7956.48
76595.2
238592
1184890.88
26828.8
35430.4
82022.4
27648
15872
57241.6
248832
248832
22732.8
24268.8
34816
249856
55296
982016
40857.6
37580.8
28262.4
827392
36249.6
36249.6
17817.6
35635.2
24268.8
247808
90112
1855979.52
22835.2
50073.6
28057.6
30003.2
52940.8
19456
434176
288768
1268776.96
2539.52
37068.8
2149580.8
16691.2
31846.4
22630.4
9103.36
50892.8
214016
1142947.84
896000
116736
82227.2
3993.6
165888
103424
1090519.04
40038.4
4208.64
1142947.84
1719664.64
588
156672
62464
92262.4
59699.2
33177.6
35328
1384120.32
21504
911360
765952
25497.6
79974.4
28467.2
20684.8
792576
36147.2
604160
242688
36454.4
68608
10956.8
13516.8
1121976.32
29081.6
13619.2
237568
22323.2
250880
23552
844800
105472
40243.2
1866465.28
67891.2
174080
80384
39219.2
239616
93593.6
119808
1216348.16
32051.2
93286.4
1153433.6
18534.4
12390.4
30617.6
47616
2065694.72
967680
154624
25190.4
122880
8529.92
28262.4
907264
1226833.92
114688
23040
89190.4
24576
138240
85196.8
2757754.88
1824522.24
8704
16998.4
51609.6
33587.2
39219.2
17510.4
80179.2
20275.2
6850.56
825344
121856
8898.56
301056
324608
78336
8488.96
1216348.16
20070.4
959488
11776
243712
11059.2
1142947.84
916480
16588.8
1034.24
39731.2
790528
51507.2
234496
236544
859136
92160
908288
358400
39321.6
1352663.04
2734.08
148480
39731.2
1614807.04
902144
76288
85299.2
52633.6
594944
41369.6
152576
2076180.48
10752
62361.6
15257.6
23859.2
13619.2
132096
1488977.92
155648
848896
906240
155648
27136
137216
22118.4
1032192
13209.6
78233.6
73318.4
13004.8
5632
885760
33177.6
58368
27852.8
83968
106496
573440
16179.2
147456
854016
101990.4
425984
75468.8
28364.8
7495.68
121856
1069547.52
121856
1730150.4
139264
442368
1363148.8
1039360
15667.2
24166.4
1027072
72294.4
747520
2273.28
2314.24
32563.2
18841.6
29593.6
777216
91852.8
5473566.72
1876951.04
11264
152576
1981808.64
21094.4
37888
1751121.92
41574.4
1604321.28
360448
403456
17920
803840
57036.8
10137.6
34713.6
16384
971776
11673.6
7157.76
17920
4096
8837.12
63692.8
14028.8
12697.6
11980.8
176128
12083.2
1392.64
9021.44
364544
126976
3194.88
16896
27340.8
76288
31846.4
1216348.16
192512
1656750.08
742400
542720
1468006.4
479
143360
43827.2
49152
49459.2
42393.6
561152
63692.8
22425.6
1646264.32
44646.4
21401.6
15360
29798.4
102400
19660.8
1677721.6
76492.8
738
1268776.96
56832
680960
40448
13107.2
149504
210944
607232
816128
102195.2
30310.4
61440
150528
10547.2
59494.4
881664
128974848
208896
1866465.28
33280
848896
101376
35225.6
39014.4
858112
37171.2
876544
886784
1394606.08
1835008
15667.2
776192
63692.8
29900.8
4290.56
4526.08
11059.2
1855979.52
15974.4
31846.4
876544
5509.12
13209.6
222208
93184
802816
1509949.44
3604.48
1593835.52
20889.6
215040
5580.8
17510.4
102400
1908408.32
190464
129024
1855979.52
746496
1971322.88
1908408.32
156672
885760
90726.4
865280
1669.12
1635778.56
820224
1184890.88
146432
97689.6
1541406.72
40345.6
787456
75776
6727.68
29491.2
12595.2
156672
24064
74854.4
860160
187392
29696
217088
157286400
43008
182272
382976
41472
1268776.96
15872
159744
34918.4
23859.2
243712
747
138412032
1216348.16
126877696
332800
856064
971776
843776
262144
2713.6
95436.8
758784
142336
776192
2897.92
7198.72
222208
1918894.08
133120
1226833.92
56934.4
35328
122880
124928
17203.2
2139095.04
1384120.32
126877696
1268776.96
2457.6
87040
17408
534
95436.8
700416
107520
5785.6
1300234.24
899072
29184
765952
6686.72
86835.2
794624
1822.72
36966.4
84787.2
31948.8
9082.88
32972.8
31948.8
798720
768000
69120
897024
1457520.64
765952
858112
2058.24
54067.2
235520
87040
37273.6
40243.2
1939865.6
134144
145408
35635.2
58470.4
20582.4
744448
128000
9093.12
24473.6
244736
34918.4
54067.2
17920
88985.6
178176
125952
180224
104448
772096
13107.2
104448
34201.6
13209.6
8232.96
41369.6
74035.2
110592
943104
43520
2570.24
166912
791552
180224
1132462.08
202752
111616
16076.8
642048
297984
210944
16384
30617.6
16384
1044.48
603136
209920
1803550.72
14540.8
160768
105472
851968
87449.6
701440
136192
4689.92
1226833.92
119808
57139.2
237568
671744
20275.2
512000
4433.92
839680
146432
29696
121856
39731.2
243712
1646264.32
245760
31744
19660.8
1689.6
12902.4
28262.4
243712
705536
249856
1279262.72
971776
52019.2
52326.4
15769.6
764928
210944
20787.2
1195376.64
582656
91545.6
1635778.56
593920
1876951.04
62259.2
37478.4
106496
827392
19251.2
34508.8
705536
1658.88
133120
926720
616448
48230.4
884736
1153433.6
38297.6
35020.8
24780.8
235520
1897922.56
1415577.6
133120
1016832
19456
34201.6
1069547.52
89395.2
145752064
856064
28160
28876.8
86835.2
28364.8
1667235.84
1677721.6
19251.2
26624
39219.2
48844.8
844800
339968
2055208.96
1247805.44
956416
57344
88371.2
28569.6
27955.2
44441.6
911360
130048
84992
51916.8
38092.8
804864
135168
73420.8
132096
11673.6
91750.4
3624.96
224256
36761.6
262144
236544
169984
155648
90214.4
744448
4257218.56
90419.2
36147.2
27852.8
279552
26419.2
35737.6
102400
35430.4
640000
20377.6
156672
28876.8
162816
42291.2
40243.2
88678.4
44646.4
1268776.96
168960
843776
16179.2
30720
135266304
52121.6
27136
32256
131072
183296
168960
43622.4
933888
11673.6
10014.72
38195.2
28364.8
75878.4
187392
193536
1174405.12
950272
88576
226304
29388.8
47308.8
48742.4
665600
47820.8
194560
34611.2
732160
70656
46182.4
47513.6
248832
249856
1394606.08
231424
34508.8
99532.8
36659.2
31744
258048
66764.8
1153433.6
218112
168960
1436549.12
35532.8
19763.2
210944
101171.2
130048
169984
17510.4
139264
68915.2
159744
210944
652288
220160
10854.4
53964.8
431104
33382.4
47411.2
1761607.68
66560
43520
24268.8
42803.2
230400
37376
91545.6
128000
182272
147456
224256
585728
22118.4
8775.68
64921.6
96665.6
33792
180
115712
59392
219136
31027.2
837632
245760
2107637.76
159744
148480
103424
19353.6
243712
9031.68
165888
63692.8
151552
21401.6
917504
54272
234496
1218.56
147456
235520
104448
63897.6
247808
5171.2
1541406.72
86016
244736
75571.2
1289748.48
29593.6
31539.2
570368
26009.6
30515.2
81817.6
239616
29388.8
8181.76
40960
11776
1688207.36
1205862.4
108544
52633.6
1363148.8
2160066.56
33177.6
82022.4
120832
97587.2
219136
125952
152576
116736
23040
161792
829440
1029120
15155.2
95846.4
180224
110592
16179.2
45158.4
468992
9564.16
16793.6
94412.8
63385.6
81203.2
165888
704
1351.68
96972.8
2023751.68
183296
31129.6
122880
217088
119808
781
1279262.72
179200
81510.4
638976
100659.2
164864
237568
859136
128000
119808
33792
239616
416768
39116.8
137216
101888
693248
1814036.48
227328
92979.2
214016
121856
1740636.16
110592
129024
50892.8
122880
221184
62156.8
16281.6
1447034.88
423936
1237319.68
25292.8
129024
30924.8
129024
151552
82329.6
153600
31744
3758.08
3758.08
116736
1310720
82841.6
108544
888832
70553.6
83456
284672
67891.2
1562378.24
46284.8
83865.6
44544
1269.76
24883.2
166912
161792
334848
385024
241664
42598.4
79769.6
789504
118784
34611.2
34406.4
117760
984064
25088
3420.16
126976
1044.48
247808
295936
970752
45875.2
3174.4
11639193.6
1258291.2
224256
58470.4
52940.8
132096
4904.96
238592
604
1216348.16
126976
27238.4
187392
727040
17203.2
33280
26112
4372.48
1803550.72
28876.8
27648
902144
224256
26624
72089.6
353280
1824522.24
28774.4
48640
1635778.56
29184
101376
20992
762880
174080
877568
1656750.08
61132.8
52428.8
81715.2
98099.2
84787.2
42086.4
67584
246784
1499463.68
701440
164864
13107.2
198656
1226833.92
32665.6
168960
82022.4
671744
238592
1373634.56
44441.6
33177.6
780288
1268776.96
164864
857088
1020928
1855979.52
38604.8
37376
62771.2
167936
56012.8
171008
100966.4
30412.8
320512
364544
62259.2
1153433.6
144384
66662.4
561152
7024.64
171008
1352663.04
781312
164864
62464
42086.4
928768
62054.4
30720
897024
40550.4
133120
431104
146432
171008
111616
221184
211968
203776
1153433.6
187392
101171.2
187392
11264
199680
99942.4
36454.4
120832
38297.6
66969.6
224256
231424
415744
1646264.32
135168
793600
82841.6
77414.4
7168
119808
226304
247808
73113.6
29900.8
144384
1048576
222208
239616
246784
8704
98611.2
1562378.24
111616
195584
16179.2
203776
67481.6
212992
80691.2
59084.8
22937.6
104448
55603.2
70348.8
149504
1793064.96
1142947.84
1048576
75673.6
135168
80179.2
32153.6
199680
34508.8
117760
160768
102400
168960
212992
836608
241664
240640
91443.2
857088
831488
198656
77824
52838.4
26828.8
219136
124928
1887436.8
29184
240640
246784
83558.4
76083.2
198656
929792
1258291.2
463872
910336
16588.8
1572864
12083.2
98099.2
968704
81612.8
21708.8
136192
112640
10342.4
530432
107520
378880
43212.8
23040
1772093.44
1237319.68
188416
240640
162816
218112
69529.6
187392
647168
657408
125952
787456
909312
45772.8
400384
199680
190464
184320
132096
198656
77619.2
254976
559104
131072
221184
138240
593920
1111490.56
174080
200704
1080033.28
228352
1025024
1010688
742400
11673.6
1772093.44
10649.6
1625292.8
48332.8
167936
21913.6
1059061.76
157696
27955.2
1121976.32
175104
108544
43622.4
1195376.64
100864
57958.4
691200
9748.48
690176
195584
212
151552
126976
850944
228352
76083.2
16179.2
35635.2
120832
1090519.04
133120
38297.6
110592
35840
1310720
613
66867.2
1048576
354304
745472
191488
1003520
232448
150528
63795.2
231424
1530920.96
104448
65126.4
162816
961536
205824
1719664.64
203776
1614807.04
133120
194560
184320
212992
106496
186368
159744
185344
698368
64102.4
83251.2
79667.2
204800
168960
206848
122880
989184
198656
198656
215040
924672
126877696
15462.4
109568
30924.8
10752
42803.2
57344
137216
1142947.84
1824522.24
217088
58368
1667235.84
1593835.52
584704
153600
61235.2
124928
65331.2
191488
16179.2
805888
77824
1720.32
29593.6
30310.4
527360
662528
532480
216064
813056
576512
161792
30105.6
786432
67584
236544
42496
1426063.36
14438.4
25088
152576
1509949.44
192512
231424
196608
949248
51609.6
1069547.52
261120
212992
824320
282624
39526.4
11878.4
57651.2
231424
136192
1163919.36
512000
232448
68812.8
10045.44
150528
113664
798720
182272
230400
105472
22528
117760
135168
194560
78643.2
49561.6
54681.6
1069547.52
222208
64307.2
51097.6
56729.6
96460.8
114688
114688
1478492.16
21196.8
93593.6
215040
30515.2
26419.2
197632
178176
29696
117760
97382.4
875520
201728
1468006.4
1226833.92
116736
62259.2
211968
207872
29081.6
1205862.4
21196.8
210944
244736
245760
1897922.56
238592
217088
225280
31539.2
134144
60108.8
168960
172032
242688
1845493.76
140288
742400
1499463.68
10188.8
69734.4
1047552
241664
64921.6
83456
738304
143360
228352
69120
232448
67276.8
232448
2293.76
246784
190464
890880
175104
37683.2
132096
1021952
88371.2
157696
215040
138240
531456
33894.4
1342177.28
18022.4
1509949.44
1405091.84
1216348.16
1541406.72
21606.4
1698693.12
38400
125829120
891904
1111490.56
1111490.56
138240
82841.6
8806.4
23859.2
87244.8
1824522.24
63795.2
28569.6
1782579.2
45568
52838.4
1080033.28
200704
1426063.36
1268776.96
1310720
181248
144384
74035.2
87961.6
101376
227328
243712
212992
600064
182272
222208
1782579.2
134144
79769.6
73830.4
68608
1036288
234496
1352663.04
40140.8
115712
218112
1279262.72
1866465.28
149504
219136
149504
197632
74854.4
161792
1363148.8
1153433.6
179200
52531.2
159744
69632
166912
1625292.8
158720
432128
716800
849
212992
48025.6
217088
115712
17100.8
27648
398336
1698693.12
22220.8
1101004.8
41779.2
56217.6
1142947.84
1845493.76
58572.8
82636.8
32563.2
220160
4526.08
123904
12288
1142947.84
1342177.28
33689.6
63078.4
926720
90828.8
149504
12492.8
1069547.52
619520
193536
83558.4
214016
1237319.68
144384
163840
220160
125952
28774.4
152576
61747.2
921600
1279262.72
1698693.12
788480
63180.8
87142.4
26009.6
1394606.08
93286.4
23449.6
235520
1101004.8
241664
49868.8
71065.6
209920
409600
167936
38912
1023
166912
176128
160768
37683.2
741376
233472
1405091.84
142336
96256
166912
21196.8
25395.2
205824
79667.2
115712
187392
66355.2
933888
39424
216064
1000448
11264
25702.4
35942.4
34611.2
203776
16179.2
870
5324.8
1017856
141312
74240
216064
130048
1289748.48
86118.4
732160
1426063.36
836608
245760
1436549.12
145752064
93081.6
6277.12
171008
92774.4
187392
759808
268288
206848
1153433.6
144384
250880
843776
87859.2
98099.2
164864
133120
9922.56
56729.6
169984
1015808
208896
111616
242688
136192
1226833.92
930816
500736
1373634.56
732160
115712
147456
2447.36
50483.2
218112
85196.8
772096
77721.6
1226833.92
222208
179200
513024
147456
952320
206848
71372.8
91852.8
1205862.4
107520
88576
35840
1048576
1866465.28
10240
1656750.08
166912
95846.4
31641.6
1342177.28
68403.2
211968
139264
111616
1468006.4
45363.2
11059.2
1174405.12
54067.2
166912
1289748.48
143360
245760
629
1080033.28
59699.2
111616
66764.8
187392
121856
210944
200704
253952
202752
229376
47820.8
1032192
1038336
242688
144384
184320
93593.6
44339.2
147456
3696.64
134144
2160066.56
1059061.76
181248
148480
147456
131072
18124.8
1572864
180224
167936
134144
64000
68915.2
109568
530432
25292.8
1247805.44
1698693.12
197632
183296
50688
114688
1646264.32
201728
714752
1031168
2002780.16
11878.4
23859.2
98099.2
4239.36
786432
9492.48
40038.4
46182.4
1184890.88
230400
75161.6
58265.6
392192
239616
112640
435200
190464
65536
979968
124928
261120
133120
822272
220160
96153.6
1447034.88
73830.4
40243.2
122880
61644.8
237568
877568
31641.6
103424
1607.68
83251.2
132096
186368
39833.6
166912
142336
176128
1101004.8
1258291.2
95129.6
47206.4
166912
1625292.8
41062.4
126976
816128
110592
243712
1373634.56
118784
166912
1142947.84
150528
190464
1289748.48
234496
167936
1195376.64
1111490.56
1509949.44
208896
180224
206848
233472
1279262.72
736256
51097.6
215040
569344
915456
154624
1300234.24
200704
6553.6
117760
232448
39526.4
1059061.76
1032192
183296
59084.8
5591.04
140288
905216
4833.28
397312
55500.8
21504
738304
82944
129024
887808
102092.8
219136
182272
208896
2013265.92
1719664.64
153600
2023751.68
192512
261120
24985.6
946176
250880
2065694.72
144384
28364.8
1730150.4
199680
65843.2
157696
48025.6
149504
98099.2
218112
67686.4
11980.8
219136
40448
157696
5253365.76
36352
1488977.92
711680
172032
119808
804864
631808
93388.8
195584
57856
983040
181248
1090519.04
1069547.52
172032
86323.2
88166.4
802816
246784
199680
973824
172032
25292.8
218112
1803550.72
968704
47923.2
198656
1625292.8
131072
164864
1583349.76
1447034.88
119808
93900.8
135168
1174405.12
795648
74342.4
131072
776192
1300234.24
96460.8
47718.4
886784
123904
78745.6
48742.4
2149580.8
132096
728064
25497.6
317440
666624
126976
285696
48742.4
858112
912384
183296
35635.2
189440
171008
44339.2
1268776.96
184320
171008
12595.2
138240
52633.6
861184
66560
7772.16
701440
1101004.8
24576
26624
335872
196608
1300234.24
124780544
190464
14848
1035264
73523.2
13414.4
145408
156672
179200
186368
1000448
48230.4
507904
50176
16896
102400
97996.8
91545.6
77619.2
16179.2
719872
84684.8
136192
9267.2
133120
45465.6
437248
1268776.96
199680
100864
182272
48128
206848
1562378.24
969728
83660.8
97177.6
53760
215040
51814.4
1698693.12
493568
1373634.56
129024
173056
1279262.72
4720.64
2139095.04
107520
38092.8
1226833.92
245760
118784
1719664.64
69529.6
97382.4
176128
57344
1897922.56
20684.8
291840
1782579.2
147456
159744
857088
144384
121856
52019.2
11264
215040
1111490.56
217088
954368
139264
832512
155648
396288
128000
782336
37376
152576
81920
133120
71884.8
950272
5550.08
62361.6
5928.96
19558.4
192512
135168
115712
23961.6
224256
27238.4
33177.6
22732.8
83456
58060.8
191488
155648
983040
19251.2
141312
22732.8
423936
65024
161792
11980.8
61952
50073.6
1024000
937984
203776
52428.8
1331691.52
1310720
63795.2
254976
97587.2
817152
81100.8
431104
214016
921600
66867.2
175104
1604321.28
735232
108544
23040
74444.8
16588.8
18944
94105.6
76390.4
152576
1153433.6
951296
25292.8
172032
116736
110592
163840
35123.2
456704
1101004.8
991232
113664
103424
19865.6
102195.2
834560
3799.04
9338.88
939008
766976
4116.48
85094.4
235520
117760
818176
1520435.2
57651.2
103424
158720
131072
62054.4
114688
1279262.72
14233.6
19046.4
65638.4
192512
103424
31334.4
198656
295936
220160
98713.6
25292.8
149504
191488
93184
1048576
132096
826368
33894.4
25190.4
173056
846848
204800
175104
20992
226304
1499463.68
66252.8
57856
117760
912384
125952
1300234.24
110592
174080
14848
169984
60928
218112
1258291.2
115712
1939865.6
85913.6
913408
222208
176128
226304
108544
1034240
900096
239616
240640
1855979.52
860160
40652.8
198656
112640
67788.8
695296
12697.6
61132.8
216064
1468006.4
111616
841728
37068.8
4925.44
9482.24
1216348.16
2013265.92
876544
54067.2
10854.4
187392
1646264.32
52531.2
97382.4
36864
205824
161792
8744.96
6942.72
171008
1111490.56
123904
1730150.4
1059061.76
231424
107520
27443.2
1289748.48
249856
57651.2
247808
884736
1059061.76
118784
14745.6
119808
1426063.36
748544
151552
886784
1237319.68
16076.8
1751121.92
86220.8
1205862.4
45772.8
259072
94208
129024
36761.6
1572864
1667235.84
172032
110592
105472
26521.6
1142947.84
99430.4
1111490.56
135168
32153.6
960512
102092.8
49152
66048
186368
1855979.52
896000
1845493.76
76390.4
56524.8
41472
40140.8
192512
109568
783360
88166.4
1153433.6
214016
172032
1300.48
800768
96256
147456
190464
250880
1069547.52
103424
90726.4
27238.4
136192
109568
26214.4
747520
56422.4
880640
1457520.64
766976
155648
197632
123904
316
158720
31334.4
125952
56524.8
19865.6
965632
184320
9216
46182.4
39833.6
49766.4
112640
1635778.56
24883.2
1992294.4
927744
1656750.08
1205862.4
4986.88
98816
322
120832
41472
455680
34099.2
173056
57344
15667.2
110592
873472
1541406.72
169984
102195.2
172032
177152
21811.2
33382.4
34816
1174405.12
99532.8
1132462.08
206848
1688207.36
1971322.88
145408
880640
42496
72601.6
175104
1530920.96
60211.2
84275.2
114688
3307.52
118784
622592
1950351.36
128000
188416
239616
244736
95641.6
74444.8
105472
216064
72192
1321205.76
466944
166912
79360
211968
237568
243712
194560
1184890.88
813056
1289748.48
1035264
98713.6
192512
13209.6
30617.6
531456
188416
133120
11161.6
151552
134144
57651.2
1426063.36
1499463.68
51302.4
104448
38912
69324.8
104448
67993.6
167936
185344
36352
206848
1677721.6
211968
87961.6
182272
1279262.72
42803.2
90009.6
37273.6
2713.6
189440
124928
1814036.48
90316.8
109568
1793064.96
48844.8
763904
918528
946176
88883.2
91136
174080
115712
112640
125952
21504
144384
161792
10547.2
1059061.76
52633.6
1488977.92
86630.4
1698693.12
103424
13721.6
34713.6
12800
241664
100966.4
141312
1226833.92
73728
282624
43212.8
208896
119808
172032
759808
1069547.52
894976
41881.6
1021952
950272
131072
1488977.92
220160
108544
1939865.6
136192
113664
1037312
101580.8
66764.8
96870.4
95641.6
905216
794624
3819.52
61644.8
106496
74752
8816.64
18432
206848
88883.2
155648
1184890.88
49561.6
174080
92160
164864
743424
28774.4
131072
12902.4
160768
102400
390144
224256
103424
115712
819200
581632
211968
234496
84992
193536
1572864
112640
1342177.28
550912
301989888
1153433.6
45363.2
138240
82841.6
235520
192512
1226833.92
122880
227328
157696
222208
187392
771072
120832
759808
114688
1656750.08
135168
436224
835584
158720
835584
117760
222208
1163919.36
110592
95948.8
156672
128000
231424
203776
128000
100454.4
83251.2
1436549.12
94105.6
1405091.84
111616
211968
205824
1247805.44
15257.6
88780.8
232448
48537.6
93184
181248
1268776.96
228352
77209.6
223232
822272
15667.2
50073.6
99737.6
70144
112640
75571.2
98406.4
1184890.88
239616
113664
44032
529408
1918894.08
47513.6
193536
207872
218112
892928
120832
37990.4
25907.2
154624
9000.96
1195376.64
90726.4
234496
237568
203776
772096
196608
54988.8
152576
163840
230400
228352
112640
389120
25088
841728
202752
207872
154624
38297.6
158720
279552
79872
803840
145408
202752
108544
1153433.6
149504
82022.4
35942.4
166912
63692.8
165888
90316.8
1289748.48
98713.6
580608
177152
45772.8
233472
855040
160768
1205862.4
208896
1153433.6
53657.6
1635778.56
145408
577536
159744
577536
31846.4
118784
19251.2
85708.8
739328
178176
644096
165888
1363148.8
1101004.8
1205862.4
7424
40550.4
372736
51404.8
122880
2754.56
728064
51404.8
21708.8
58777.6
271360
242688
123904
143360
209920
75878.4
84684.8
797696
239616
218112
61235.2
238592
185344
679936
229376
1855979.52
502784
183296
154624
22835.2
676864
48640
151552
145408
69427.2
32460.8
23347.2
109568
225280
92672
52224
77107.2
120832
1121976.32
260096
271360
558080
152576
102092.8
115712
1635778.56
785408
719
114688
706560
78540.8
69939.2
6000.64
1405091.84
50892.8
185344
181248
1373634.56
140288
203776
6932.48
58675.2
206848
97484.8
95334.4
15564.8
671744
116736
50790.4
1730150.4
643
86118.4
1457520.64
27443.2
238592
42291.2
206848
8704
3020.8
35942.4
285696
22016
50380.8
1028096
22118.4
74752
283648
52940.8
1646264.32
36966.4
138240
191488
532480
28364.8
185344
204800
1111490.56
1048576
869376
1142947.84
563200
885760
874496
824320
1499463.68
64921.6
137216
22323.2
418816
645120
215040
831488
24473.6
884736
123904
50892.8
712704
156672
254976
1331691.52
70963.2
279552
117760
222208
35225.6
198656
1059061.76
10649.6
1551892.48
110592
32358.4
184320
264192
27750.4
81305.6
766976
259072
54476.8
780288
252928
105472
149504
1029120
120832
798720
178176
114688
887808
63590.4
160768
1019904
1080033.28
312320
24268.8
189440
287744
874496
261120
94924.8
112640
259072
280576
25088
1059061.76
1069547.52
648192
1111490.56
59187.2
144384
259072
48025.6
1950351.36
134144
81715.2
165888
1719664.64
71577.6
125952
721920
732160
237568
209920
32460.8
59289.6
32256
10854.4
180224
74342.4
1551892.48
1184890.88
1205862.4
191488
7608.32
1205862.4
7065.6
263168
211968
3040870.4
164864
1384120.32
113664
552960
643072
157696
194560
157696
680960
713728
191488
193536
729088
51814.4
123904
498688
1101004.8
818176
765952
40960
780288
113664
77619.2
231424
48128
1929379.84
143360
123904
88064
1499463.68
31436.8
141312
878592
179200
161792
773120
282624
119808
335872
64000
881664
768000
248832
163840
120832
84172.8
270336
148480
1289748.48
1080033.28
997376
179200
409600
882688
718848
100044.8
134144
196608
694272
108544
16486.4
40243.2
42393.6
820224
118784
63590.4
743424
13209.6
215040
914432
1709178.88
180224
1090519.04
8581.12
191488
190464
191488
141312
1044480
556032
929792
66048
155648
279552
57856
164864
211968
65126.4
1614807.04
263168
77414.4
263168
1447034.88
33382.4
24371.2
269312
20787.2
7116.8
65024
21401.6
952320
1628.16
1614807.04
7383.04
228352
56217.6
1195376.64
13926.4
179200
24268.8
69017.6
261120
903168
102400
13619.2
283648
923648
63078.4
130048
1237319.68
541696
26624
1614807.04
142336
97996.8
952320
1772093.44
664576
99737.6
197632
1101004.8
104448
1226833.92
45568
62873.6
84070.4
8642.56
655360
29798.4
27955.2
12083.2
130048
1478492.16
957440
174080
140288
11264
262144
588800
66969.6
1153433.6
284672
39116.8
1363148.8
585728
173056
33996.8
220160
157696
115712
904192
98816
6420.48
1031168
185344
1939865.6
1520435.2
1174405.12
17817.6
1772093.44
18841.6
1184890.88
15257.6
834560
176128
11878.4
224256
1105.92
16486.4
3409.92
191488
148480
39526.4
1289748.48
14131.2
68710.4
26419.2
67379.2
42803.2
5396.48
163840
181248
789504
104448
855040
1405091.84
855040
14028.8
690176
1499463.68
24166.4
707584
32768
1111490.56
817152
64819.2
243712
1321205.76
115712
1321205.76
234496
1918894.08
1751121.92
39424
764928
1279262.72
7331.84
1153433.6
779264
1918894.08
452608
50176
57753.6
260096
796672
226304
356352
144384
158720
496640
72396.8
123904
120832
153600
329728
722944
1352663.04
37068.8
25395.2
287744
1279262.72
223232
17612.8
193536
139264
16998.4
166912
9891.84
138240
14438.4
1247805.44
184320
136192
1153433.6
738304
101580.8
133120
65126.4
84172.8
224256
855040
192512
240640
126976
179200
69734.4
208896
775168
345
16793.6
31027.2
9297.92
1394606.08
226304
32665.6
906240
1331691.52
238592
722944
903168
136192
985088
388096
168960
225280
67481.6
150528
260096
67686.4
54374.4
246784
1300234.24
37683.2
910336
22732.8
209920
162816
1195376.64
564224
220160
1289748.48
135168
156672
158720
211968
276480
1405091.84
985088
140288
202752
522240
2023751.68
283648
46899.2
276480
1509949.44
286720
753664
78540.8
1342177.28
570368
139264
37376
816128
1111490.56
233472
78643.2
1247805.44
5345.28
1016832
125952
103424
28057.6
869376
1321205.76
273408
148480
889856
154624
220160
413696
104448
204800
149504
42188.8
286720
775168
210944
590848
128000
199680
161792
1132462.08
257024
149504
224256
1499463.68
159744
161792
97996.8
82329.6
21708.8
593920
130048
218112
2527068.16
961536
42700.8
193536
208896
122880
427008
190464
150528
1447034.88
12390.4
62566.4
138240
212992
1279262.72
281600
12800
1562378.24
215040
992256
67174.4
997376
110592
288768
951296
14643.2
210944
190464
188416
158720
1226833.92
821248
284672
206848
138240
847872
1562378.24
97484.8
103424
81612.8
182272
474112
142336
939008
1195376.64
1321205.76
31948.8
942080
1205862.4
267264
66969.6
218112
32051.2
288768
44544
43008
1059061.76
73728
109568
1541406.72
47923.2
242688
1121976.32
410624
78438.4
101478.4
194560
130048
182272
220160
781312
203776
824320
788480
904192
70963.2
83763.2
117760
142336
1216348.16
821248
1080033.28
23859.2
477184
214016
734208
225280
69939.2
126976
11264
218112
723968
34611.2
11980.8
20480
35635.2
65945.6
30617.6
282624
274432
694272
177152
117760
15974.4
279552
851968
282624
61542.4
1142947.84
99225.6
273408
727040
125952
928768
273408
84684.8
234496
45977.6
102400
201728
72499.2
274432
281600
1111490.56
33484.8
1205862.4
58675.2
1069547.52
212992
17612.8
98304
1835008
730112
1562378.24
646144
55808
650240
107520
419840
419840
206848
87040
203776
194560
2170552.32
19558.4
35020.8
1793064.96
28672
478208
1499463.68
91340.8
27033.6
1363148.8
3205.12
3205.12
1551892.48
54681.6
283648
260096
21094.4
1090519.04
287744
45568
1667235.84
1059061.76
234496
18841.6
3829.76
37273.6
26828.8
18636.8
50585.6
28876.8
1363148.8
36659.2
1866465.28
37376
1845493.76
48640
17817.6
1000448
40652.8
11161.6
40652.8
46284.8
2877.44
753664
18739.2
496640
237568
289792
29286.4
37888
238592
208896
172032
176128
944128
280576
14540.8
9615.36
1342177.28
526336
173056
62873.6
271360
216064
82432
37785.6
23142.4
3747.84
266240
508928
37785.6
983040
972800
10547.2
144384
1625292.8
1614807.04
8847.36
900096
50073.6
656384
68915.2
593920
285696
1090519.04
137216
196608
191488
970752
1205862.4
199680
6000.64
183296
285696
157696
39526.4
592896
120832
1111490.56
192512
158720
1132462.08
1289748.48
101273.6
10547.2
15974.4
13721.6
151552
1174405.12
11366.4
187392
745472
197632
100044.8
927744
151552
18227.2
48742.4
92467.2
173056
349184
874496
885760
17305.6
634880
76185.6
459776
58060.8
221184
27443.2
109568
15974.4
192512
118784
184320
192512
97792
120832
284672
422912
126976
121856
102400
1037312
259072
176128
118784
653312
291840
203776
1289748.48
248832
279552
79052.8
134144
111616
2118123.52
90316.8
897024
168960
270336
145408
202752
165888
95027.2
271360
711680
159744
222208
269312
1121976.32
70451.2
35430.4
21708.8
1321205.76
727040
733184
50073.6
102400
80179.2
814080
1006592
902144
224256
80384
214016
15360
277504
770048
87859.2
221184
99737.6
726016
289792
73113.6
25907.2
133120
39219.2
11673.6
732160
56012.8
1184890.88
857088
121856
173056
1009664
408576
262144
164864
780288
99532.8
97382.4
136192
102297.6
287744
86937.6
147456
798720
273408
135168
69324.8
89395.2
47308.8
608256
286720
1614807.04
247808
21811.2
217088
132096
225280
167936
1142947.84
422912
19968
95334.4
75161.6
1142947.84
99123.2
282624
269312
446464
26931.2
279552
286720
52531.2
970752
276480
286720
196608
23552
285696
107520
212992
27545.6
1184890.88
231424
3153.92
1111490.56
288768
212992
50892.8
142336
696320
283648
174080
32358.4
4638.72
93491.2
1709178.88
32665.6
90419.2
202752
972800
18227.2
609280
200704
41472
259072
32051.2
889856
89702.4
175104
161792
1069547.52
1436549.12
13824
679936
131072
269312
283648
180224
1174405.12
8243.2
17305.6
48947.2
188416
1897922.56
1730150.4
78028.8
1457520.64
202752
199680
1036288
632832
145408
701440
1457520.64
165888
285696
92364.8
187392
184320
224256
187392
140288
1258291.2
261120
90214.4
645120
90419.2
1111490.56
25804.8
98099.2
137216
195584
282624
162816
1247805.44
79155.2
68096
375808
467968
961536
277504
277504
926720
641024
274432
260096
982016
217088
212992
659456
280576
169984
538624
6430.72
918528
798720
45670.4
147456
207872
480256
980992
816128
103424
183296
1090519.04
214016
243712
572416
70963.2
1142947.84
119808
191488
922624
149504
1436549.12
134144
138240
848896
182272
267264
191488
1310720
246784
200704
304128
724992
281600
120832
203776
613376
1405091.84
193536
177152
156672
165888
12697.6
297984
208896
147456
194560
129024
166912
92876.8
1174405.12
193536
282624
81305.6
855040
128000
132096
85811.2
125952
200704
1026048
82944
151552
1048576
97894.4
37888
272384
736256
109568
158720
195584
134144
121856
812032
42188.8
147456
966656
186368
162816
252928
107520
168960
29184
721920
70656
122880
13516.8
761856
1059061.76
151552
802816
1583349.76
69017.6
128000
214016
104448
738304
47718.4
1163919.36
278528
83558.4
1132462.08
1468006.4
220160
284672
1279262.72
286720
58368
28467.2
149504
110592
1447034.88
1247805.44
179200
270336
1824522.24
1195376.64
86528
238592
208896
35737.6
29081.6
179200
81817.6
142336
212992
196608
1468006.4
83865.6
608256
14336
113664
286720
35840
159744
220160
60928
5468.16
257024
226304
150528
1719664.64
50995.2
155648
1216348.16
121856
230400
15564.8
60108.8
72294.4
55296
800768
283648
1300234.24
225280
1562378.24
182272
265216
288768
72192
688128
180224
45056
62668.8
211968
128000
131072
1059061.76
1205862.4
1090519.04
891904
366592
141312
1184890.88
1184890.88
291840
181248
1268776.96
1415577.6
728064
1342177.28
78950.4
151552
51916.8
572416
188416
839680
1384120.32
68505.6
1855979.52
567296
33280
277504
19660.8
1772093.44
178176
653312
178176
159744
1499463.68
108544
212992
218112
99123.2
86323.2
120832
1080033.28
199680
93184
694272
39833.6
167936
182272
8837.12
120832
81100.8
192512
414
1237319.68
198656
672768
1373634.56
177152
126976
1184890.88
172032
175104
1342177.28
1488977.92
14028.8
20172.8
110592
956416
1709178.88
187392
1005568
86016
35635.2
130048
1352663.04
42188.8
1184890.88
174080
215040
43008
269312
1237319.68
281600
186368
1001472
451584
100249.6
211968
1010688
95744
89600
910336
150528
90419.2
808960
145408
42905.6
66867.2
18432
134144
281600
52940.8
193536
68812.8
869376
16896
779264
113664
1394606.08
1101004.8
43724.8
705536
31744
1036288
621568
105472
244736
214016
212992
35942.4
678912
207872
81408
865280
245760
262144
1646264.32
78643.2
44646.4
75980.8
14950.4
200704
29900.8
166912
20684.8
407552
429056
48947.2
80793.6
70963.2
159744
1226833.92
126976
913408
138240
161792
270336
12800
131072
759808
541696
64102.4
1258291.2
275456
187392
260096
466
827392
273408
212992
833536
67072
757760
919552
215040
93696
191488
1300234.24
966656
1751121.92
1793064.96
881664
57139.2
17510.4
1037312
283648
82739.2
2076180.48
1509949.44
108544
181248
124928
21196.8
96870.4
1268776.96
75059.2
1184890.88
1268776.96
1908408.32
555008
412672
21196.8
926720
46694.4
32972.8
167936
1121976.32
195584
214016
17817.6
23244.8
204800
1447034.88
34508.8
772096
27443.2
112640
369664
81305.6
122880
1032192
269312
160768
201728
27648
1751121.92
1047552
1331691.52
164864
96768
282624
180224
731136
265216
48332.8
871424
204800
211968
249856
800768
98508.8
124928
32665.6
86323.2
32051.2
76800
22630.4
115712
146432
117760
5427.2
14131.2
1153433.6
984064
408576
269312
105472
108544
206848
175104
224256
1415577.6
916480
121856
102297.6
95027.2
1268776.96
6973.44
906240
201728
1520435.2
279552
232448
130048
146432
110592
36249.6
986112
86425.6
1646264.32
193536
813056
212992
276480
285696
219136
314368
116736
57548.8
1247805.44
991232
69427.2
194560
16793.6
145408
140288
91545.6
147456
726016
140288
105472
20992
52633.6
1004544
284672
25702.4
843776
825344
728064
1520435.2
1394606.08
34099.2
120832
17510.4
148480
283648
1709178.88
74137.6
139264
211968
176128
290816
1279262.72
151552
81817.6
742400
28467.2
749568
1022976
284672
8202.24
36659.2
1310720
48537.6
235520
1824522.24
121856
430080
174080
917504
314368
167936
1436549.12
219136
413696
1551892.48
74342.4
262144
42496
732160
209920
247808
1080033.28
9512.96
3840
1121976.32
931840
120832
114688
234496
425984
638976
948224
2128609.28
214016
1488977.92
109568
7669.76
968704
1040384
513024
200704
175104
200704
47923.2
800768
66764.8
43315.2
51916.8
83558.4
1342177.28
1184890.88
45056
48230.4
190464
291840
58777.6
217088
212992
53862.4
218112
87859.2
218112
146432
164864
143360
120832
7802.88
1041408
167936
55500.8
26624
88268.8
201728
81920
990208
1289748.48
84889.6
89395.2
1289748.48
239616
1048576
103424
51200
116736
541696
233472
1163919.36
56320
18432
151552
1048576
164864
173056
277504
1488977.92
1520435.2
78745.6
61235.2
231424
1468006.4
96051.2
792576
1268776.96
164864
197632
35020.8
915456
128000
289792
55500.8
142336
36659.2
949248
243712
281600
276480
183296
216064
1142947.84
282624
287744
169984
216064
46182.4
183296
139264
1310720
510976
179200
389120
292864
282624
89600
9615.36
14848
218112
45465.6
124928
162816
165888
101785.6
36556.8
930816
694272
1174405.12
62566.4
128000
3901.44
106496
1740636.16
37990.4
1142947.84
80076.8
92160
95948.8
73523.2
174080
25190.4
94924.8
711680
99942.4
205824
43827.2
26726.4
60313.6
217088
209920
45158.4
92672
167936
25600
82534.4
513024
209920
34304
108544
256000
118784
952320
61952
430080
89600
250880
244736
976896
247808
114688
1352663.04
103424
287744
107520
186368
1373634.56
106496
29491.2
1247805.44
670720
60620.8
139264
240640
1121976.32
292864
159744
304128
253952
1436549.12
1415577.6
33177.6
106496
64614.4
249856
101785.6
36454.4
205824
64819.2
56832
45875.2
365953024
117760
204800
96256
176128
42700.8
1384120.32
494592
2160066.56
122880
40243.2
132096
1059061.76
20377.6
1142947.84
82022.4
72704
214016
188416
32460.8
204800
20070.4
214016
70246.4
55500.8
906240
205824
1625292.8
225280
100352
44441.6
992256
1048576
115712
188416
992256
1331691.52
871424
1132462.08
239616
1824522.24
978944
133120
68198.4
290816
1300234.24
419840
163840
1289748.48
44032
203776
647168
508928
179200
207872
169984
115712
931840
90521.6
18329.6
55603.2
109568
902144
232448
13824
76390.4
797
49356.8
161792
1216348.16
776192
23552
10014.72
587776
32870.4
734208
1090519.04
35123.2
151552
218112
118784
1029120
410624
3348.48
1226833.92
135168
138240
25600
49664
23449.6
173056
23449.6
1195376.64
21606.4
97075.2
265216
596992
202752
157696
200704
534528
1468006.4
898048
25600
57856
1289748.48
218112
214016
568320
1394606.08
757760
18432
235520
44953.6
59596.8
286720
269312
287744
19968
1751121.92
28262.4
21196.8
32972.8
283648
283648
26419.2
35942.4
1247805.44
36659.2
26419.2
25088
183296
12595.2
261120
1216348.16
1216348.16
7925.76
31744
149504
745472
1153433.6
6205.44
677888
209920
202752
11878.4
231424
272384
231424
20787.2
557056
685056
993280
21504
267264
135168
233472
710656
221184
20480
402432
1021952
185344
257024
285696
104448
5611.52
2149580.8
627712
709632
732160
181248
847872
182272
191488
277504
3133.44
925696
1132462.08
49356.8
109568
223232
48025.6
149504
156672
180224
35430.4
761856
762880
8744.96
142336
81920
142336
12697.6
293888
181248
152576
14540.8
285696
184320
78848
4096
14745.6
153600
115712
872448
918528
20377.6
918528
81510.4
957440
25804.8
43827.2
686080
1132462.08
28876.8
86732.8
280576
6440.96
20172.8
834560
149504
1080033.28
86630.4
28569.6
164864
28160
249856
263168
770048
30515.2
60006.4
1059061.76
14950.4
1258291.2
115712
14028.8
57344
286720
112640
16384
1499463.68
106496
881664
491520
20070.4
215040
1824522.24
145408
106496
150528
99020.8
805888
286720
1394606.08
131072
60211.2
13926.4
681984
26521.6
550912
812032
196608
32460.8
254976
32153.6
254976
745472
135168
290816
1363148.8
165888
28057.6
157696
155648
17203.2
22528
154624
727040
701440
12800
278528
1090519.04
225280
1614807.04
168960
78438.4
109568
69632
5959.68
146432
277504
18739.2
203776
10854.4
220160
896000
214016
25292.8
95436.8
1352663.04
87142.4
137216
30208
667648
93081.6
203776
585728
1111490.56
1897922.56
57036.8
77926.4
1080033.28
135168
33382.4
164864
720896
1247805.44
64716.8
113664
22016
31129.6
211968
1153433.6
1101004.8
1321205.76
7383.04
2160066.56
216064
404480
1342177.28
7587.84
12902.4
883712
2097152
217088
1530920.96
47308.8
120832
885760
50483.2
9164.8
169984
1216348.16
11878.4
288768
289792
49868.8
69017.6
2529.28
79257.6
1457520.64
290816
191488
123904
10086.4
1855979.52
17612.8
163840
979968
73318.4
808960
199680
111616
4597.76
31027.2
467968
1069547.52
194560
82636.8
606208
113664
1216348.16
799744
41676.8
1080033.28
503808
65638.4
267264
1583349.76
123904
259072
200704
796672
5253.12
168960
134144
54374.4
55808
1163919.36
96051.2
106496
17203.2
75571.2
35430.4
38912
172032
508928
207872
1216348.16
182272
4925.44
568320
1719664.64
1635778.56
2170552.32
219136
377487360
291840
134144
844800
763904
12288
21504
7628.8
203776
1855979.52
8222.72
79872
8857.6
46694.4
276480
124928
2107637.76
1111490.56
964608
1384120.32
1132462.08
289792
285696
198656
1688207.36
69222.4
18841.6
61030.4
1855979.52
131072
134144
1845493.76
286720
154624
1226833.92
1572864
282624
20992
685056
840704
1019904
160768
925696
162816
258048
6389.76
39014.4
71884.8
287744
309329920
1614807.04
219136
158720
147456
1853.44
648192
87654.4
360448
1142947.84
1268776.96
1132462.08
1509949.44
179200
1310720
1014784
198656
208896
42700.8
493568
151552
98201.6
219136
1667235.84
259072
116736
41574.4
70246.4
788480
1004544
44236.8
748544
20787.2
964
15872
47923.2
1018880
183296
288768
1111490.56
12390.4
1436549.12
272384
900096
196608
36659.2
108544
139264
37068.8
190464
23859.2
824320
23244.8
211968
1153433.6
109568
1426063.36
31744
1226833.92
200704
167936
1546.24
180224
1845493.76
545792
1897922.56
499712
267264
145408
48128
272384
77312
825344
1572864
1331691.52
1426063.36
277504
951296
94617.6
734208
163840
296960
308281344
1562378.24
866304
156672
6666.24
117760
862208
202752
2826.24
662528
770048
39219.2
14131.2
282624
1447034.88
153600
20377.6
14540.8
95334.4
95436.8
1876951.04
10854.4
239616
861184
17510.4
108544
716800
1184890.88
40038.4
258048
838656
149504
33075.2
1039360
871424
277504
198656
1509949.44
918528
54272
31744
998400
932864
221184
1625292.8
160768
654336
1793064.96
555008
64614.4
143360
46387.2
12185.6
3983.36
1101004.8
1436549.12
693248
465920
723968
1373634.56
145408
29388.8
1593835.52
8468.48
227328
110592
208896
25804.8
74240
110592
888832
206848
138240
52121.6
968704
18534.4
28160
202752
23347.2
99020.8
138240
509952
1593835.52
489472
768000
92057.6
69222.4
11980.8
9871.36
100454.4
1677721.6
1174405.12
5785.6
261120
16793.6
173056
13209.6
461824
10649.6
237568
600064
700416
1032192
13004.8
129024
229376
1216348.16
10547.2
277504
867328
27545.6
76595.2
289792
129024
27033.6
785408
119808
284672
795648
243712
162816
106496
390144
292864
143360
1614807.04
66867.2
120832
463872
40345.6
1373634.56
714752
30924.8
45875.2
250880
130048
121856
1247805.44
39731.2
881664
277504
1205862.4
1884.16
275456
94617.6
138240
1032192
1530920.96
114688
747520
112640
738304
291840
189440
1003520
1045504
257024
17305.6
91136
16588.8
737280
20172.8
282624
182272
1499463.68
20275.2
139264
99532.8
114688
20889.6
38707.2
50176
890880
289792
1457520.64
165888
1184890.88
12288
278528
983040
286720
291840
113664
152576
105472
292864
851968
81203.2
39116.8
1310720
357376
37683.2
58265.6
285696
1530920.96
463872
1520435.2
15564.8
104448
112640
1583349.76
124928
507904
160768
107520
146432
185344
53862.4
1184890.88
779264
184320
361758720
2928.64
948224
31027.2
163840
65331.2
899072
2570.24
206848
919552
16896
20172.8
45465.6
22425.6
153600
793600
10045.44
160768
24678.4
1059061.76
786432
210944
940032
1300234.24
31027.2
9605.12
346112
293888
6338.56
851968
262144
105472
220160
88473.6
109568
288768
97075.2
147456
456704
792576
503808
27750.4
12697.6
157696
75161.6
273408
208896
1814036.48
30310.4
221184
711680
279552
55808
1111490.56
569344
137216
129024
73011.2
710656
10444.8
238592
6789.12
47001.6
1132462.08
1121976.32
111616
33484.8
1310720
217088
1247805.44
20275.2
1520435.2
90521.6
245760
12492.8
38195.2
284672
145408
485376
135168
23244.8
284672
71782.4
108544
1793064.96
779264
1153433.6
540672
1373634.56
851968
654336
861184
17408
30822.4
373760
740352
14028.8
83456
288768
222208
248832
54067.2
1719664.64
97280
42905.6
10342.4
9994.24
113664
49561.6
14848
11878.4
1509949.44
12595.2
187392
1656750.08
147456
89292.8
775168
55398.4
292864
30310.4
189440
918528
158720
1029120
169984
228352
1593835.52
1625292.8
15872
209920
1163919.36
128000
754688
77004.8
619520
1782579.2
645120
1966.08
281600
262144
1740636.16
180224
169984
723968
736256
120832
209920
157696
203776
116736
1247805.44
174080
42700.8
153600
122880
887808
6481.92
62873.6
1163919.36
196608
15360
23859.2
220160
68300.8
112640
648192
290816
620544
292864
1268776.96
198656
26316.8
1488977.92
115712
144384
24473.6
110592
804864
282624
289792
81715.2
450
274432
349184
227328
136192
224256
287744
18124.8
932864
24064
33894.4
40243.2
122880
1520435.2
1405091.84
154624
154624
1873.92
1625292.8
80179.2
62054.4
824320
9625.6
45670.4
153600
5898.24
485376
90521.6
1320.96
4003.84
759808
6594.56
289
1310720
69427.2
30208
287744
208896
896000
10444.8
13209.6
1405091.84
39219.2
15564.8
10752
277504
754688
14336
22835.2
287744
19251.2
276480
16588.8
14233.6
23552
13926.4
989184
38912
1226833.92
26316.8
603136
758784
14233.6
1405091.84
13619.2
1562378.24
10956.8
17100.8
198656
10444.8
19456
561152
571392
114688
2044723.2
816128
4423.68
233472
27033.6
83353.6
25190.4
22732.8
104448
508928
24371.2
227328
38912
13312
14848
146432
9021.44
2672.64
270336
278528
78745.6
520192
19046.4
122880
17510.4
28364.8
933888
13414.4
118784
10752
135168
792576
519168
864256
2918.4
1866465.28
6645.76
29491.2
58163.2
1384120.32
271360
22732.8
354304
8110.08
92876.8
42905.6
32051.2
8857.6
162816
26726.4
147456
100966.4
35123.2
86425.6
27340.8
135168
807936
1719664.64
824320
8652.8
17305.6
30208
38809.6
293888
246784
207872
182272
183296
760832
201728
1352663.04
9041.92
8017.92
269312
88780.8
904
1488977.92
12902.4
678912
77824
143360
207872
488448
762880
6604.8
240640
189440
147456
842752
258048
8529.92
125952
7034.88
1080033.28
154624
249856
3624.96
214016
222208
1205862.4
140288
1042432
574464
31948.8
22528
18329.6
33484.8
333824
72704
47923.2
720896
18534.4
321536
15360
175104
1012736
123904
17408
17408
272384
287744
289792
290816
38809.6
153600
291840
1132462.08
25702.4
279552
1488977.92
8796.16
292864
135168
52633.6
14233.6
11878.4
1048576
913408
22630.4
209920
865280
1866465.28
7526.4
13107.2
140288
1551892.48
287744
270336
115712
20377.6
29900.8
1939865.6
786432
293888
1090519.04
173056
13312
772096
5171.2
2037.76
6492.16
951296
200704
880640
27340.8
6307.84
856064
455680
796672
778240
84480
5539.84
9379.84
896000
7690.24
365568
840
1845493.76
71168
289792
779264
480256
45363.2
775168
59494.4
1614807.04
73011.2
15360
50790.4
855040
277504
482304
18022.4
13619.2
13619.2
419840
14336
281600
14336
29491.2
271360
9861.12
65433.6
387072
1803550.72
239616
132096
272384
87347.2
818176
266240
446464
141312
13004.8
5621.76
187392
44339.2
16486.4
14336
12185.6
67788.8
31027.2
43520
10342.4
282624
7874.56
15462.4
7772.16
135168
1153433.6
1583349.76
11324620.8
105472
39116.8
76390.4
100864
159744
130048
11468.8
242688
123904
1195376.64
935936
677888
268288
186368
31129.6
14131.2
8509.44
137216
411648
177152
272384
1101004.8
1583349.76
1583349.76
1803550.72
268288
1132462.08
1101004.8
537600
237568
21504
155648
43520
1153433.6
14540.8
1000448
147456
110592
513024
147456
23756.8
37068.8
266240
1111490.56
778240
20172.8
283648
104448
30310.4
61952
25497.6
89497.6
145408
157696
13209.6
16076.8
28057.6
18022.4
30208
277504
550912
19660.8
20582.4
2938.88
10342.4
1268776.96
17510.4
277504
52838.4
284672
1048576
7403.52
102297.6
18636.8
106496
732160
17408
56627.2
729088
374341632
1688207.36
115712
1719664.64
39731.2
475136
8017.92
48537.6
1394606.08
16793.6
1614807.04
41267.2
271360
741376
268288
1457520.64
22937.6
96460.8
37580.8
100454.4
118784
16486.4
1153433.6
22323.2
27238.4
285696
1300234.24
473088
1394606.08
527360
173056
282624
159744
93388.8
1740636.16
799744
209920
1824522.24
3522.56
161792
436224
575488
24166.4
17510.4
264192
34816
1384120.32
1001472
148480
64921.6
294912
1174405.12
24883.2
826368
210944
283648
33484.8
47513.6
309329920
274432
274432
1300234.24
233472
115712
34201.6
20377.6
29081.6
123904
14540.8
13107.2
267264
3891.2
23244.8
941056
49459.2
2324.48
28672
836608
102400
538624
280576
1426063.36
46796.8
1373634.56
271360
13824
3614.72
16691.2
43417.6
293888
10547.2
1719664.64
13004.8
113664
22835.2
563200
205824
163840
278528
12083.2
35328
56422.4
290816
22016
1153433.6
291840
1153433.6
1646264.32
293888
157696
12288
142336
108544
11366.4
99532.8
1080033.28
275456
1047552
135168
30822.4
1625292.8
173056
285696
8273.92
102400
16998.4
862208
237568
789504
28774.4
1059061.76
128000
249856
20480
2149580.8
284672
1101004.8
112640
22220.8
8222.72
78131.2
228352
51200
1509949.44
21606.4
681984
114688
294912
116736
43008
1132462.08
34918.4
1499463.68
20070.4
99328
16179.2
7393.28
55296
1614807.04
11878.4
14336
20582.4
20582.4
171008
8806.4
1782579.2
288768
267264
32870.4
267264
695296
66560
15872
1111490.56
659456
134144
811008
23654.4
1121976.32
954368
1614807.04
179200
6635.52
36966.4
14540.8
264192
724992
267264
147456
36044.8
162816
1090519.04
138240
289792
860160
25497.6
27955.2
14848
9113.6
642048
5662.72
20787.2
24576
982016
2139095.04
1677721.6
15155.2
120832
1583349.76
35532.8
1405091.84
23961.6
10158.08
276480
66048
8396.8
1929379.84
22528
11980.8
26214.4
19763.2
12595.2
825344
19763.2
496640
18739.2
1688207.36
697344
1111490.56
58572.8
128000
3502.08
21708.8
108544
37478.4
1478492.16
36556.8
292864
35225.6
738304
72192
1279262.72
22425.6
1035264
25292.8
290816
19865.6
27750.4
24268.8
33280
186368
787456
1646264.32
1698693.12
714752
120832
1541406.72
271360
1025024
262144
1342177.28
1688207.36
39219.2
964608
35020.8
110592
590848
36659.2
1781.76
653312
41574.4
185344
11776
51712
1897922.56
768000
6154.24
7106.56
1996.8
896000
21504
5969.92
39936
23552
674816
137216
1195376.64
62054.4
108544
1216348.16
5621.76
7434.24
6789.12
31539.2
60006.4
80691.2
9615.36
7639.04
5939.2
1625292.8
166912
17305.6
290816
655360
119808
96051.2
29388.8
32358.4
192512
138240
1646264.32
16896
293888
135168
30105.6
1363148.8
110592
13619.2
17100.8
1677721.6
146432
53964.8
699392
49459.2
371195904
290816
13004.8
11059.2
1174405.12
24473.6
27136
69939.2
278528
142336
163840
3328
919552
822272
203776
900096
775168
425984
1174405.12
23347.2
22425.6
1048576
7598.08
10752
293888
40550.4
14848
178176
279552
1004544
169984
179200
1205862.4
17920
258048
1551892.48
261120
1415577.6
257024
290816
80076.8
247808
238592
1205862.4
201728
944128
22323.2
1300234.24
259072
40652.8
24166.4
22323.2
33894.4
839680
281600
143360
131072
1132462.08
285696
38912
772096
787456
1688207.36
287744
715776
1635778.56
194560
40755.2
851968
275456
61952
47001.6
2002780.16
57753.6
699392
144384
24780.8
69324.8
79257.6
19353.6
1101004.8
50790.4
14438.4
204800
130048
287744
743424
6000.64
743424
89292.8
33894.4
14336
38707.2
99840
762880
7741.44
295936
8181.76
698368
147456
987136
36761.6
1101004.8
81203.2
1033216
286720
66457.6
1688207.36
42496
1279262.72
13619.2
14028.8
84582.4
237568
60928
268288
215040
1646264.32
286720
50073.6
1520435.2
265216
287744
1195376.64
1887436.8
83353.6
28569.6
290816
1363148.8
36147.2
216064
58880
202752
110592
121856
1814036.48
2529.28
53760
27545.6
235520
22323.2
98816
1803550.72
19865.6
16179.2
121856
111616
1342177.28
1457520.64
96972.8
74240
877568
54784
804864
149504
227328
968704
291840
214016
1478492.16
112640
44032
291840
295936
280576
593920
14848
1090519.04
172032
1604321.28
1019904
913408
216064
293888
202752
26214.4
266240
892928
153600
212992
1279262.72
129024
14643.2
74240
546816
47104
11878.4
46796.8
229376
221184
1751121.92
1018880
813056
778240
168960
253952
1509949.44
287744
492544
859136
1069547.52
747520
23449.6
924672
38092.8
1268776.96
88064
663552
39526.4
276480
33894.4
689152
265216
222208
51097.6
5130.24
1174405.12
293888
57958.4
137216
1551892.48
1069547.52
19660.8
1163919.36
748544
701440
1587.2
16076.8
25497.6
623616
881664
20480
785408
690176
613376
22835.2
293888
1436549.12
292864
1436549.12
15462.4
10342.4
1352663.04
197632
2406.4
65843.2
584704
246784
231424
216064
18841.6
613376
16998.4
15974.4
2467.84
26316.8
71372.8
863232
404480
71884.8
800768
30617.6
581632
965632
235520
26931.2
1090519.04
1436549.12
1436549.12
31948.8
1468006.4
286720
1415577.6
3041.28
261120
184320
251904
290816
224256
1184890.88
282624
566272
16179.2
162816
685056
166912
38707.2
1593835.52
207872
134144
6307.84
291840
993280
17920
27340.8
243712
202752
33177.6
716800
162816
98918.4
277504
272384
62771.2
218112
258048
1499463.68
313344
210944
1520435.2
120832
894976
1111490.56
8663.04
669696
948224
22528
28569.6
266338304
1835008
21708.8
73932.8
1268776.96
1029120
290816
479
2990.08
59596.8
56524.8
240640
1845493.76
736256
845824
60416
78233.6
277504
968704
551936
26009.6
115712
679936
48947.2
291840
238592
235520
285696
54272
8427.52
703488
19456
1583349.76
16486.4
290816
1163919.36
1405091.84
1468006.4
93184
92057.6
93184
232448
54067.2
294912
21401.6
16793.6
35225.6
83353.6
522240
1646264.32
400384
23244.8
13721.6
264192
78131.2
141312
245760
25600
20684.8
356515840
7239.68
227328
65536
54272
85094.4
1625292.8
271360
106496
681984
52633.6
1384120.32
70553.6
182272
8980.48
46899.2
1478492.16
32358.4
36556.8
838656
755712
290816
1405091.84
231424
245760
1562378.24
284672
148480
31436.8
1855979.52
134144
985088
789504
285696
134144
843776
280576
1006592
10444.8
884736
7659.52
97587.2
1059061.76
102400
1730150.4
285696
1195376.64
56320
18124.8
1488977.92
18329.6
286720
101785.6
198656
1013760
286720
1551892.48
998400
158720
582656
923648
28569.6
8540.16
217088
751616
1520435.2
1447034.88
1447034.88
1468006.4
24064
674816
1300234.24
603136
287744
11776
260096
738304
81920
1142947.84
169984
868352
174080
1897922.56
38092.8
145408
21708.8
1153433.6
1043456
267264
1604321.28
12390.4
641024
44236.8
272384
1426063.36
307200
1028096
176128
74137.6
21094.4
793600
257024
85401.6
1908408.32
123904
37273.6
32768
185344
18329.6
41574.4
284672
1488977.92
42291.2
16076.8
1583349.76
15360
95539.2
272384
1562378.24
70041.6
19968
106496
1499463.68
36249.6
839680
117760
156672
718848
270336
49459.2
33382.4
24678.4
1040384
1709178.88
33484.8
250880
30310.4
260096
280576
1048576
280576
641024
290816
22118.4
82432
173056
125952
70860.8
1121976.32
299008
805888
1667235.84
1541406.72
162816
129024
43315.2
34406.4
532480
29900.8
920576
245760
673792
251904
11264
1677721.6
1373634.56
13721.6
134144
600064
9216
671744
6174.72
261120
1394606.08
749568
1488977.92
1069547.52
994304
1069547.52
33280
40652.8
69324.8
1300234.24
230400
1562378.24
199680
1195376.64
1751121.92
50892.8
19558.4
1468006.4
232448
279552
881664
4710.4
292864
28672
18227.2
29286.4
75264
1310720
1939865.6
4444.16
646144
1268776.96
1509949.44
69836.8
961536
266240
12800
1195376.64
771072
67788.8
947200
105472
87040
19763.2
133120
66867.2
263168
21811.2
179200
845824
650240
925696
45670.4
46080
946176
1226833.92
201728
979968
982016
865280
13824
214016
207872
1772093.44
144384
49459.2
1121976.32
760832
62259.2
442368
76288
168960
165888
23347.2
204800
78745.6
662528
28876.8
54476.8
649216
31027.2
281600
15462.4
109568
58060.8
1321205.76
22630.4
26009.6
861184
137216
23859.2
66355.2
1887436.8
265216
6666.24
172032
7045.12
189440
1142947.84
17510.4
26624
207872
86630.4
31129.6
233472
277504
226304
51814.4
36147.2
123904
71782.4
1426063.36
224256
73011.2
746496
290816
292864
32563.2
100556.8
437248
109568
267264
47923.2
759808
295936
575488
169984
149504
726016
515072
50892.8
32051.2
462848
914432
1751121.92
81920
591872
77721.6
10649.6
7168
728064
215040
1035264
709632
1709178.88
55296
85401.6
85401.6
54784
28160
802816
1352663.04
214016
764928
98918.4
58060.8
27545.6
745472
23552
1960837.12
177152
779264
145408
692224
806912
10342.4
916480
287744
285696
10444.8
8550.4
160768
7772.16
10444.8
178176
705536
584704
49971.2
47820.8
43110.4
1384120.32
1488977.92
941056
10956.8
893952
101478.4
80998.4
148480
12902.4
807936
419430400
286720
293888
447488
103424
755712
779264
59699.2
948224
141312
288768
106496
219136
111616
13516.8
251904
98304
134144
201728
156672
211968
1195376.64
245760
240640
27136
762880
331776
1132462.08
881664
62873.6
230400
1583349.76
1069547.52
35020.8
33587.2
194560
22016
62566.4
62156.8
2467.84
698368
293888
281600
55808
207872
278528
6184.96
131072
65228.8
202752
156672
212992
51609.6
69222.4
1635778.56
1478492.16
2181.12
224256
70451.2
852992
777216
111616
50585.6
237568
21196.8
100249.6
30105.6
605184
20582.4
1310720
130048
176128
1824522.24
14745.6
44134.4
231424
572416
85606.4
232448
1258291.2
23961.6
131072
174080
190464
76697.6
86323.2
1855979.52
476160
877568
85504
225280
14131.2
113664
781312
1488977.92
159744
31641.6
116736
1001
64204.8
226304
57548.8
1667235.84
182272
70963.2
272384
630784
194560
56422.4
270336
166912
1541406.72
221184
108544
231424
275456
35123.2
979968
227328
81100.8
619520
70553.6
215040
271360
74752
94105.6
1101004.8
193536
86118.4
1005568
14540.8
197632
403456
28876.8
12185.6
165888
88678.4
1020928
64716.8
916480
148480
43724.8
1174405.12
92569.6
203776
202752
1363148.8
201728
216064
1530920.96
33996.8
856064
48332.8
647168
952320
43827.2
292864
143360
148480
268288
106496
22528
1992294.4
1541406.72
112640
209920
1258291.2
1009664
748544
200704
211968
39936
259072
879616
216064
23756.8
37478.4
30310.4
949248
337641472
1187.84
55705.6
31334.4
1090519.04
661504
37376
137216
860160
95334.4
222208
1121976.32
160768
1604321.28
143360
991232
87654.4
1020928
133120
261120
933888
872448
284672
74752
1509949.44
20377.6
679936
1080033.28
84992
75059.2
126976
116736
114688
228352
839680
32256
202752
21504
1279262.72
10854.4
42188.8
209920
42188.8
289792
826368
24371.2
1010688
997376
606208
112640
48332.8
174080
745472
21708.8
680960
624640
107520
282624
162816
67891.2
643072
1803550.72
31948.8
1373634.56
1363148.8
1541406.72
49049.6
275456
1048576
2682.88
134144
268288
64204.8
284672
36044.8
107520
34406.4
137216
286720
3942.4
21094.4
862208
76288
95539.2
294912
51609.6
17203.2
176128
19968
160768
1331691.52
9482.24
10547.2
37068.8
1447034.88
258048
1572864
739328
43724.8
854016
10854.4
1457520.64
67686.4
1080033.28
865280
17100.8
147456
11059.2
283648
1001472
277504
163840
973824
394264576
869376
856064
219136
856064
111616
393216
95846.4
618496
35532.8
192512
633856
1111490.56
126976
158720
199680
61644.8
157696
128000
646144
189440
151552
1226833.92
32665.6
5888
231424
100454.4
198656
277504
11571.2
158720
55500.8
16179.2
90726.4
1499463.68
757760
281600
40345.6
277504
1468006.4
75161.6
1039360
1635778.56
32972.8
207872
247808
12800
121856
129024
1646264.32
815104
132096
262144
717824
40652.8
38809.6
10106.88
139264
22118.4
217088
247808
219136
22528
96972.8
1436549.12
105472
632832
1352663.04
150528
9472
605184
164864
983040
275456
616448
429056
57344
102400
33792
57548.8
87347.2
107520
24883.2
2002780.16
1237319.68
281600
244736
34918.4
8468.48
13926.4
1174405.12
53760
1163919.36
116736
31436.8
10547.2
4157.44
278528
859136
13824
272384
746496
71168
44236.8
21401.6
286720
150528
596992
2044723.2
1845493.76
61747.2
22220.8
125952
282624
777216
36864
278528
126976
76288
1709178.88
750592
126976
12083.2
634880
4700.16
724992
1740636.16
29491.2
153600
5816.32
71065.6
7413.76
819200
808960
22016
79360
19660.8
12800
5355.52
17612.8
167936
47104
684032
168960
191488
281600
1966.08
287744
11878.4
1897922.56
1593835.52
288768
68710.4
653312
295936
147456
92467.2
743424
74956.8
225280
22016
826368
947200
284672
1960837.12
132096
1342177.28
11468.8
39219.2
800768
790528
570368
73420.8
25088
77312
808960
913408
32358.4
212992
42496
269312
9768.96
8693.76
260096
811008
83046.4
24064
185344
21196.8
15974.4
15257.6
77209.6
794624
151552
18534.4
37580.8
14233.6
57139.2
2013265.92
577536
24678.4
712704
13312
231424
248832
1541406.72
704512
73523.2
907264
19353.6
14950.4
19865.6
54374.4
8243.2
136192
75571.2
890880
601088
31641.6
269312
269312
545792
68505.6
33689.6
226304
864256
562176
108544
10854.4
270336
281600
615424
286720
80179.2
935936
78131.2
521216
288768
524288
1153433.6
12595.2
745472
22732.8
32256
16998.4
290816
8949.76
930816
67379.2
31539.2
1971322.88
134144
28876.8
715776
19456
79667.2
275456
2055208.96
808960
53760
968704
70451.2
1436549.12
769024
44748.8
91136
148480
80179.2
216064
35430.4
73523.2
958464
1761607.68
1002496
53248
65331.2
351272960
1782579.2
17817.6
8038.4
2754.56
9932.8
480256
236544
1583349.76
1101004.8
256000
112640
12800
473088
100147.2
708608
826368
21606.4
36556.8
2222.08
17203.2
25804.8
39628.8
9707.52
6993.92
1551892.48
841728
78643.2
1614807.04
188416
1036288
84582.4
715776
1730150.4
322560
294912
15257.6
13721.6
38809.6
1740636.16
1625292.8
177152
1036288
276480
52428.8
27340.8
17100.8
283648
59494.4
6062.08
17203.2
824320
295936
44851.2
54476.8
46592
35430.4
225280
502784
29286.4
652288
638976
408576
737280
203776
399360
654336
1730150.4
513024
20070.4
21606.4
194560
32358.4
1310720
8919.04
2539.52
109568
578560
806912
78131.2
6062.08
24883.2
87040
39116.8
28979.2
135168
61542.4
99840
1090519.04
1142947.84
389120
10752
262144
145408
14848
101990.4
771072
1447034.88
1352663.04
1740636.16
1321205.76
69017.6
105472
223232
24473.6
30924.8
26112
45670.4
1258291.2
102400
1740636.16
36044.8
37171.2
19968
103424
156672
153600
52121.6
1625292.8
713728
40652.8
101068.8
177152
25804.8
42803.2
49254.4
37683.2
1121976.32
655360
677888
97792
53555.2
94617.6
165888
83046.4
1300234.24
815104
1604321.28
72704
1447034.88
43929.6
1163919.36
90931.2
64204.8
161792
22323.2
17612.8
60108.8
745472
52633.6
77824
82636.8
394240
16998.4
268288
942080
13926.4
824320
56422.4
294912
1111490.56
868352
288768
195584
1897922.56
230400
12800
721920
245760
79052.8
718848
30515.2
28160
253952
279552
48025.6
54988.8
20582.4
59904
43212.8
11878.4
49254.4
101273.6
70144
747520
1405091.84
289792
1121976.32
598016
116736
76492.8
106496
23859.2
139264
26112
20582.4
551936
536576
277504
1038336
19456
106496
702464
781312
37580.8
387072
33894.4
145408
753664
6584.32
42598.4
1394606.08
35840
260096
81715.2
19148.8
581632
572416
847872
259072
20172.8
104448
53452.8
72908.8
220160
528384
36761.6
142336
7802.88
1331691.52
1300234.24
842752
1415577.6
516096
70246.4
16588.8
1939865.6
317440
344981504
15872
735232
81408
8192
90112
232448
538624
281600
59596.8
707584
12288
126976
267264
1121976.32
1205862.4
1111490.56
36352
31744
247808
161792
833536
184320
293888
259072
120832
67788.8
728064
293888
1499463.68
645120
107520
866304
219136
60928
768000
150528
1205862.4
112640
110592
159744
216064
252928
295936
1772093.44
17920
12492.8
59494.4
1004544
25395.2
9451.52
21811.2
281600
82636.8
27648
757760
8222.72
757760
10127.36
195584
1562378.24
541696
25804.8
65024
243712
161792
441344
1090519.04
33280
21606.4
66867.2
121856
740352
3594.24
225280
8048.64
6123.52
6123.52
651264
27545.6
4218.88
183296
133120
1069547.52
145408
106496
74854.4
1258291.2
1373634.56
824320
12288
268288
27545.6
812032
15564.8
14438.4
14438.4
114688
678912
143360
1040384
114688
1069547.52
72601.6
10752
281600
1279262.72
240640
18636.8
1205862.4
10219.52
82841.6
36044.8
1163919.36
53350.4
1300234.24
1069547.52
288768
107520
14848
20070.4
67584
29798.4
704512
195584
29388.8
120832
759808
909312
24064
547840
44544
717824
2002780.16
40243.2
35840
11571.2
92876.8
98508.8
16896
1142947.84
710656
18534.4
65126.4
1730150.4
13004.8
64409.6
1562378.24
763904
184320
99328
19763.2
35532.8
129024
277504
1258291.2
23654.4
404480
21913.6
104448
36454.4
41779.2
32768
39833.6
83763.2
172032
67993.6
41881.6
1142947.84
879616
33075.2
126976
51916.8
55296
35123.2
798720
28979.2
637952
47513.6
27545.6
132096
61440
939008
295936
209920
280576
22220.8
156672
11878.4
19353.6
391168
228352
77209.6
1530920.96
274432
15257.6
61747.2
85196.8
703488
15257.6
20275.2
153600
237568
23756.8
44953.6
593920
283648
57139.2
146432
12697.6
1939865.6
37785.6
1635778.56
13414.4
877568
445440
15257.6
117760
292864
966656
814080
830464
72396.8
56115.2
20684.8
142336
30412.8
26009.6
54988.8
759808
816128
59494.4
52838.4
30720
38195.2
46284.8
288768
45056
404480
68710.4
22016
36966.4
1226833.92
274432
83865.6
1876951.04
1028096
497664
45670.4
120832
350224384
1761607.68
235520
146432
899072
990208
68608
848896
822272
80588.8
272384
285696
3020.8
741376
1646264.32
1132462.08
23244.8
92672
1321205.76
852992
286720
58060.8
117760
683008
50790.4
1551892.48
30310.4
2641.92
20377.6
21811.2
1132462.08
437248
1080033.28
1024000
189440
34713.6
644096
1310720
863232
18636.8
100352
19558.4
76288
171008
18739.2
653312
202752
1635778.56
27443.2
1488977.92
21708.8
20172.8
413696
20889.6
145408
1814036.48
93286.4
46284.8
736256
11673.6
1593835.52
40038.4
38297.6
865280
265216
165888
31948.8
111616
411041792
289792
188416
649216
829440
971776
26521.6
288768
780288
99737.6
73625.6
826368
26419.2
13312
15872
82944
536576
56729.6
1436549.12
1520435.2
382976
880640
42905.6
37990.4
28774.4
92774.4
20684.8
18636.8
28876.8
36352
25702.4
75059.2
288768
39321.6
67481.6
377487360
10240
101171.2
71987.2
292864
66969.6
18432
2160.64
287744
1793064.96
640000
1300234.24
212992
626688
1226833.92
121856
107520
31334.4
36761.6
205824
291840
408576
65331.2
518144
825344
140288
700416
66764.8
38707.2
1426063.36
1005568
866304
120832
45568
41881.6
102400
140288
861184
290816
1719664.64
1617.92
38195.2
12902.4
107520
147456
95539.2
1625292.8
28672
926720
862208
1709178.88
56422.4
2023751.68
832
857088
81612.8
718848
1007616
665600
160
477184
223346688
807936
1730150.4
43417.6
30208
44134.4
1069547.52
70246.4
94822.4
38707.2
27648
83660.8
864256
73932.8
106496
883712
57651.2
15769.6
478208
91955.2
208896
56934.4
70451.2
85504
716800
42188.8
1031168
156672
181248
144384
35840
90009.6
34406.4
808960
1635778.56
115712
106496
1279262.72
116736
46899.2
1897922.56
162816
45568
50380.8
442368
47820.8
279552
99328
48128
43724.8
86425.6
73113.6
787456
256000
62464
1047552
619520
70963.2
49356.8
74649.6
1457520.64
104448
50073.6
82329.6
59084.8
1604321.28
272384
146432
1730150.4
884736
1300234.24
238592
95232
781312
525312
117760
1258291.2
185344
1835008
123904
9738.24
28774.4
105472
39116.8
18432
62873.6
186368
19660.8
7147.52
228352
225280
12697.6
90112
21504
198656
74956.8
523264
908288
14540.8
103424
2107637.76
276480
108544
28160
15155.2
30617.6
32153.6
711680
439296
91443.2
290816
42188.8
171008
275456
63488
33894.4
144384
44339.2
98713.6
294912
57036.8
692224
58982.4
99225.6
1069547.52
1331691.52
1184890.88
3737.6
84787.2
885760
43212.8
17408
1247805.44
42905.6
1363148.8
100044.8
116736
43417.6
1625292.8
43212.8
499712
30310.4
1373634.56
1163919.36
742400
364544
941056
69529.6
239616
37990.4
53145.6
184320
214016
119808
51404.8
181248
952320
1835008
43315.2
1771.52
613376
274432
11468.8
1887436.8
14336
1363148.8
112640
100966.4
745472
272384
92262.4
748544
6625.28
40755.2
31846.4
815104
178176
1583349.76
46284.8
40243.2
187392
824320
1509949.44
837632
822272
41267.2
832512
112640
64819.2
64819.2
488448
286720
45568
244736
14336
37376
43417.6
29388.8
26214.4
44748.8
269312
1918894.08
259072
76390.4
18227.2
232448
107520
79462.4
86016
10342.4
21401.6
22118.4
15360
261120
68403.2
44748.8
885760
31744
90931.2
64716.8
18124.8
814080
294912
1457520.64
403456
52940.8
1163919.36
27340.8
886784
20684.8
15974.4
293888
24268.8
73728
634880
165888
180224
86835.2
30310.4
24576
260096
123904
283648
365568
106496
835584
1593835.52
32460.8
40448
920576
31436.8
57344
897024
797696
281600
44236.8
71065.6
126976
854016
91136
678912
41676.8
93900.8
42291.2
88268.8
58060.8
842752
48844.8
37273.6
10342.4
84582.4
1488977.92
35020.8
92569.6
795648
284672
26316.8
40243.2
129024
1793064.96
210944
811008
1950351.36
162816
96051.2
39321.6
193536
84070.4
40038.4
40857.6
49766.4
19251.2
877568
1218.56
885760
36864
87347.2
38400
60416
5703.68
240640
1426063.36
478208
145408
86323.2
146432
97792
98201.6
570368
248832
99020.8
131072
28057.6
124928
116736
287744
37068.8
188416
22118.4
119808
10485760
209920
91648
26214.4
179200
37068.8
391168
622592
411648
78438.4
32051.2
118784
406528
659456
114688
374784
43929.6
42496
64614.4
23756.8
721920
40345.6
370147328
761856
266240
915456
1740636.16
901120
113664
788480
165888
122880
86835.2
10905190.4
88985.6
799744
908288
394240
13516.8
134144
873472
404480
33996.8
1415577.6
126976
1013760
492544
634
107520
1509949.44
1530920.96
145408
172032
38809.6
828416
130048
134144
354304
211968
32768
28672
144384
35123.2
525312
15564.8
1101004.8
452608
807936
350208
14950.4
98713.6
1709178.88
1876951.04
3194.88
35020.8
996352
628736
12697.6
116736
29593.6
37683.2
125952
1047552
49459.2
128000
399360
727040
1908408.32
455680
17817.6
5007.36
1939865.6
611328
1551892.48
16998.4
216064
5888
6768.64
553984
11571.2
11878.4
1688207.36
1116.16
348160
388096
120832
397312
1121976.32
106496
29900.8
747520
10342.4
13107.2
32665.6
28057.6
1247805.44
62668.8
604160
737280
5150.72
499712
137216
843776
134144
894976
30208
32870.4
1866465.28
194560
1908408.32
867328
154624
55398.4
1855979.52
92467.2
144384
1342177.28
563200
1782579.2
73625.6
398336
1279262.72
27033.6
952320
196608
15769.6
650240
1719664.64
79257.6
32153.6
660480
34406.4
1059061.76
59801.6
44748.8
55910.4
864256
43622.4
52838.4
2055208.96
125952
11468.8
136192
512000
46694.4
696320
251904
61337.6
54272
54272
35737.6
955392
35737.6
34201.6
75059.2
556032
40140.8
93491.2
209920
29491.2
12595.2
1121976.32
44544
1866465.28
30003.2
1132462.08
407552
22835.2
18944
812032
299008
693248
27852.8
333824
813056
123904
1157.12
46080
288768
1855979.52
24576
1121976.32
23961.6
99942.4
10854.4
750592
595968
11366.4
15769.6
162816
1740636.16
136192
15769.6
215040
18636.8
1101004.8
113664
25907.2
890880
35737.6
21708.8
42086.4
158720
46592
32870.4
54784
122880
33689.6
487424
814080
45772.8
30310.4
136192
52736
969728
361472
40243.2
66969.6
161792
771072
1205862.4
858112
423936
923648
40857.6
52940.8
52940.8
19865.6
91750.4
476160
21299.2
84275.2
788480
25804.8
1730150.4
1059061.76
137216
545792
115712
50688
86118.4
116736
37478.4
291840
123904
229376
178176
171008
1772093.44
120832
97382.4
96256
28262.4
23961.6
196608
799744
118784
211968
520192
197632
888832
23552
271360
66150.4
143360
33689.6
12492.8
993280
1719664.64
385024
1090519.04
34816
727040
106496
22937.6
210944
48435.2
20070.4
202752
900096
52019.2
1024000
1153433.6
1709178.88
264192
49868.8
59801.6
192512
726016
48435.2
1803550.72
567296
517120
309248
1046528
42086.4
543744
25907.2
1646264.32
25190.4
80076.8
11468.8
1226833.92
11673.6
37580.8
1142947.84
833536
30310.4
913408
1667235.84
808960
21094.4
1520435.2
164864
132096
99225.6
155648
280576
300032
1153433.6
284672
75673.6
76390.4
607232
1876951.04
50278.4
788480
195584
140288
83968
753664
8314.88
6850.56
24268.8
56729.6
97280
32358.4
132096
232448
1394606.08
574464
1331691.52
233472
1216348.16
233472
333824
1111490.56
530432
1405091.84
28979.2
1258291.2
240640
124928
27750.4
854016
20377.6
475136
907264
903168
1793064.96
107520
802816
1195376.64
18636.8
803840
731136
18022.4
31334.4
48742.4
102092.8
1001472
102092.8
130048
1216348.16
782336
56729.6
91545.6
503808
58982.4
480256
1520435.2
227328
421888
216064
253952
816128
918528
40550.4
816128
40550.4
25292.8
18841.6
30515.2
1342177.28
33484.8
432128
1677721.6
15564.8
63692.8
1020928
414720
866304
401408
222208
17612.8
148480
28979.2
1751121.92
144384
88883.2
316416
807936
11161.6
35328
541696
154624
202752
123904
34611.2
1656750.08
663552
242688
231424
43212.8
35942.4
180224
1625292.8
28774.4
452608
62771.2
58880
142336
1499463.68
456704
36761.6
261120
54374.4
39936
649216
93388.8
31129.6
1541406.72
71270.4
945152
43110.4
56934.4
122880
71782.4
854016
13312
33689.6
692224
137216
797696
35020.8
214016
20992
24371.2
24576
30208
1121976.32
53043.2
19148.8
23040
11980.8
543744
77824
128000
34201.6
4648.96
950272
29184
38604.8
161792
20684.8
312320
1300234.24
534528
22323.2
1153433.6
26624
67686.4
91033.6
627712
36659.2
459776
32358.4
20684.8
25088
507904
28569.6
40960
44236.8
854016
38912
108544
847872
387072
132096
922624
800768
73625.6
1132462.08
38912
184320
56627.2
1730150.4
1069547.52
99430.4
861184
32665.6
26624
1195376.64
813056
811008
591872
873472
29696
1035264
672768
22835.2
132096
10444.8
64614.4
125952
1814036.48
237568
103424
20275.2
11264
1405091.84
10342.4
99225.6
18944
1824522.24
16384
33894.4
132096
366592
1003520
1803550.72
688128
119808
3594.24
1279262.72
22220.8
33484.8
72704
1142947.84
1289748.48
1855979.52
308224
251904
107520
119808
556032
20070.4
548864
19558.4
12390.4
577536
103424
14131.2
103424
19148.8
142336
102195.2
278528
793600
324608
129024
95027.2
35430.4
33792
26009.6
19251.2
1153433.6
1289748.48
1289748.48
24883.2
13721.6
30003.2
30208
33996.8
41984
1258291.2
842752
15667.2
942080
508928
43827.2
16179.2
144384
51814.4
76288
460800
9789.44
1090519.04
81510.4
41984
121856
26009.6
48537.6
516096
137216
1593835.52
17305.6
1845493.76
7997.44
18124.8
116736
681984
808960
924672
30822.4
15462.4
22528
59596.8
683008
117760
36659.2
1960837.12
159744
112640
611328
42496
29491.2
107520
95641.6
31846.4
1824522.24
20172.8
104448
487424
1541406.72
115712
25804.8
1635778.56
79155.2
47411.2
82739.2
36454.4
715776
108544
325632
267264
33894.4
35942.4
81920
90624
307200
22835.2
146432
33177.6
109568
48230.4
348160
86016
150528
68505.6
314368
15667.2
1030144
184320
932864
101683.2
18432
224256
17715.2
1413.12
45977.6
707584
79462.4
11673.6
1279262.72
936960
27750.4
367616
53043.2
1604321.28
39628.8
17203.2
25497.6
5038.08
1184890.88
18739.2
1478492.16
61440
1163919.36
45977.6
38502.4
809984
477184
232448
1226833.92
21401.6
21504
14540.8
526336
134144
10240
20582.4
1855979.52
408576
259072
16793.6
74547.2
149504
120832
842752
8632.32
29900.8
18841.6
463872
32665.6
288768
12492.8
280576
827392
26419.2
57344
1426063.36
1132462.08
1111490.56
395264
480256
23961.6
1625292.8
28467.2
21094.4
36966.4
33792
24473.6
136192
697344
9154.56
46182.4
97382.4
32870.4
364544
62566.4
40038.4
442368
710656
34201.6
68300.8
8929.28
32051.2
101478.4
710656
33382.4
1249.28
371712
1289748.48
1562378.24
432128
87859.2
27340.8
566272
760832
17100.8
130048
20684.8
737280
144384
1279262.72
64102.4
878592
25190.4
28876.8
6092.8
55705.6
1195376.64
44441.6
53555.2
1572864
30924.8
1908408.32
57958.4
276480
18022.4
27955.2
51916.8
32665.6
51200
23654.4
1855979.52
15872
26521.6
89292.8
116736
317440
42291.2
1352663.04
686080
1363148.8
31334.4
32870.4
134144
40038.4
23961.6
205824
1310720
116736
1195376.64
862208
23347.2
105472
1001472
33382.4
1080033.28
412672
800768
6215.68
780288
23654.4
23040
1793064.96
22835.2
713728
602112
1709178.88
44953.6
19046.4
23244.8
49561.6
2498.56
109568
662528
247808
12185.6
73830.4
1363148.8
319488
41369.6
7249.92
61542.4
504832
13824
6420.48
7024.64
28876.8
12697.6
373760
20889.6
742400
71782.4
92364.8
101580.8
3338.24
66457.6
29491.2
706560
156672
40960
521216
851968
35020.8
53760
26828.8
1572864
726016
199680
11878.4
106496
125952
2097152
120832
103424
16281.6
21094.4
69939.2
26316.8
14438.4
15155.2
11673.6
12902.4
263192576
8556380.16
8007.68
1658.88
9308.16
31744
9113.6
15360
14848
99942.4
6615.04
7045.12
11059.2
16588.8
104448
9984
1009664
7147.52
5488.64
159744
227328
50278.4
14950.4
4833.28
139264
4833.28
13312
10209.28
14643.2
47001.6
72396.8
14745.6
17305.6
19148.8
238
24576
15360
143360
870400
163840
20582.4
731136
37785.6
574464
12800
405504
34918.4
1530920.96
39833.6
36761.6
791552
2764.8
56217.6
2795.52
35532.8
117760
42905.6
30208
18534.4
808960
25702.4
800768
1876951.04
41574.4
1835008
7669.76
16076.8
11059.2
87859.2
1184890.88
87859.2
505856
11980.8
65126.4
50892.8
625
3624.96
144384
126976
20480
110592
351232
342016
519168
353280
130048
347136
31436.8
1635778.56
1080033.28
117760
1080033.28
16998.4
18432
3461.12
115712
1488977.92
5785.6
25395.2
28467.2
25395.2
22630.4
11366.4
2076180.48
860160
89190.4
813056
773120
10854.4
13209.6
16998.4
8038.4
116736
1897922.56
513024
19353.6
553984
839680
48332.8
460800
18739.2
1216348.16
865280
515072
80588.8
43212.8
41267.2
109568
1020928
35737.6
39116.8
1509949.44
33792
10649.6
1499463.68
40550.4
39014.4
314368
824320
594944
518144
1300234.24
9441.28
378880
832512
39219.2
49356.8
796672
116736
149504
17408
378880
568320
38604.8
13619.2
18944
141312
1447034.88
44236.8
12697.6
1121976.32
22937.6
40345.6
24166.4
19763.2
83763.2
37171.2
79872
1824522.24
542720
124928
32358.4
23859.2
58368
547840
1812.48
9502.72
1855979.52
11468.8
1803550.72
120832
380928
28979.2
15667.2
137216
28774.4
1331691.52
60416
894976
491520
78745.6
15974.4
28467.2
435200
124928
21094.4
31539.2
4986.88
807936
36044.8
4710.4
21913.6
75161.6
26624
314368
27955.2
33382.4
97177.6
770048
31334.4
7168
1698693.12
571392
60620.8
22425.6
1572864
503808
81203.2
575488
4495.36
1478492.16
36761.6
444416
1835008
63283.2
79462.4
65536
94208
47104
82534.4
182272
1111490.56
75366.4
705536
13824
495616
184320
496640
114688
60518.4
18124.8
134144
692224
55193.6
875520
41164.8
1331691.52
2160.64
1184890.88
8007.68
9144.32
44851.2
11878.4
50483.2
868352
58777.6
456704
48640
18227.2
436224
662528
91955.2
26214.4
26009.6
66048
935936
1184890.88
561152
28672
77824
30617.6
569344
19456
28364.8
28160
565248
29798.4
265216
32972.8
66764.8
73216
888832
43417.6
28262.4
26726.4
55603.2
192512
20787.2
780288
393216
13004.8
20787.2
73625.6
20992
39526.4
26419.2
13414.4
136192
180224
562176
80793.6
1960837.12
1751121.92
1646264.32
10854.4
144384
1080033.28
1142947.84
309
517120
816128
34201.6
140288
19968
294912
331776
18841.6
1059061.76
35737.6
899072
491520
1142947.84
30412.8
90009.6
916480
48947.2
33587.2
801792
2467.84
1226833.92
61132.8
479232
829440
1034240
20889.6
20787.2
34201.6
1488977.92
28160
47923.2
27340.8
188416
1981808.64
44748.8
711680
1468006.4
30310.4
43417.6
24576
45875.2
1111490.56
42803.2
35225.6
490496
28876.8
104448
48947.2
395264
998400
18636.8
503808
739328
19046.4
19558.4
193536
1363148.8
110592
30617.6
92262.4
350208
55091.2
20275.2
47513.6
40755.2
23756.8
320512
72499.2
157696
21606.4
684032
839680
15052.8
60313.6
21196.8
237568
1121976.32
109568
91750.4
1310720
55705.6
1394606.08
43724.8
229376
217088
1153433.6
817152
776192
374784
314368
28364.8
7966.72
1174405.12
140288
730112
49254.4
808960
35635.2
1090519.04
38092.8
564224
126976
716800
43212.8
36044.8
555008
100761.6
30617.6
30105.6
308224
1090519.04
847872
32256
8448
294912
149504
10695475.2
89088
1247805.44
585728
10854.4
81817.6
11878.4
404480
912384
1111490.56
75366.4
42188.8
701440
52121.6
36864
24064
104448
80076.8
1342177.28
130048
27545.6
76185.6
81408
78336
88166.4
934912
17203.2
18636.8
58880
11980.8
49049.6
19660.8
1153433.6
54886.4
58982.4
1468006.4
1216348.16
27750.4
99635.2
23040
48537.6
18329.6
46899.2
122880
13107.2
13619.2
14745.6
1929379.84
17817.6
39219.2
1331691.52
46182.4
320512
18841.6
1142947.84
28467.2
134144
403456
1646264.32
39219.2
45465.6
689152
91238.4
31436.8
994304
29798.4
975872
35123.2
32460.8
21606.4
1468006.4
40550.4
1509949.44
75980.8
454656
120832
717824
1814036.48
53862.4
1258291.2
93388.8
9011.2
36147.2
243712
445440
80179.2
1132462.08
31641.6
183296
129024
169984
41164.8
63385.6
892928
26112
93286.4
1352663.04
538624
806912
1352663.04
11366.4
95948.8
223232
7413.76
1950351.36
1111490.56
26419.2
4270.08
5058.56
982016
2764.8
440320
40448
1845493.76
63283.2
1174405.12
38297.6
40448
406528
1363148.8
34201.6
582656
1321205.76
129024
66560
11571.2
1897922.56
35225.6
53043.2
1719664.64
243712
69529.6
1279262.72
47308.8
24985.6
70963.2
56832
56115.2
53555.2
132096
163840
33689.6
46489.6
685056
17203.2
18432
11571.2
772096
24166.4
1562378.24
59596.8
1043456
26521.6
41881.6
613376
138240
47616
11468.8
560128
124928
1268776.96
1226833.92
49049.6
232448
105472
377856
692224
87859.2
958464
305152
65228.8
61132.8
1530920.96
814080
147456
872448
82534.4
18432
7198.72
63385.6
47411.2
81817.6
596992
174080
1289748.48
196608
117760
132096
421888
1153433.6
707584
1457520.64
16896
19251.2
659456
20172.8
5744.64
137216
16896
83148.8
28262.4
31027.2
20172.8
5877.76
9205.76
464896
12800
219136
93593.6
88985.6
1101004.8
131072
657408
237568
28364.8
13209.6
976896
1551892.48
823296
53862.4
30515.2
753664
14643.2
9256.96
1415577.6
40755.2
26316.8
67379.2
738304
1426063.36
311427072
119808
1111490.56
116736
29388.8
812032
715776
32460.8
93798.4
63283.2
1803550.72
11571.2
765952
903168
11673.6
162816
1352663.04
50585.6
57651.2
1090519.04
41369.6
173056
1876951.04
21708.8
707584
628736
1384120.32
36761.6
284672
1384120.32
673792
1352663.04
820224
830464
100556.8
691200
611328
63078.4
67686.4
232448
1635778.56
741376
9431.04
48332.8
36454.4
126976
34508.8
668672
1101004.8
39833.6
212992
224256
11366.4
1447034.88
819200
48537.6
1541406.72
3737.6
105472
1551892.48
1782579.2
772096
15974.4
532480
22425.6
845824
6041.6
4495.36
27033.6
4495.36
57856
85196.8
84070.4
34304
81203.2
20377.6
519168
56217.6
551936
1258291.2
70758.4
1656750.08
1006592
611328
6062.08
844800
1279262.72
13312
1509949.44
765952
6236.16
803840
374784
11848908.8
74752
10854.4
1101004.8
22016
12083.2
1976.32
84992
109568
638976
43212.8
38604.8
29491.2
1625292.8
1625292.8
1321205.76
46899.2
736256
187392
1226833.92
1121976.32
691200
36352
27648
96665.6
135168
9646.08
1855979.52
48128
44236.8
9523.2
55705.6
1153433.6
31539.2
1216348.16
35225.6
1111490.56
84992
946176
795648
1247805.44
1530920.96
1013760
133120
132096
814080
463872
937984
818176
1551892.48
36966.4
641024
709632
6451.2
17203.2
27545.6
21196.8
13312
12902.4
524288
128000
711680
7557.12
1195376.64
280576
116736
848896
882688
23756.8
776192
89497.6
78643.2
1499463.68
78131.2
25190.4
247808
454656
651264
45670.4
688128
61440
910336
19660.8
36044.8
834560
877568
1037312
1342177.28
19660.8
24780.8
91648
15462.4
70860.8
125952
45670.4
617472
689152
301056
43110.4
536576
95641.6
1205862.4
520192
137216
33792
285696
344064
1887436.8
817152
1499463.68
104448
121856
1520435.2
773120
1520435.2
36454.4
846848
1247805.44
60313.6
72294.4
1646264.32
227328
808960
81715.2
31948.8
780288
601088
479232
30822.4
1719664.64
439296
7997.44
1034240
571392
794624
79257.6
1352663.04
44236.8
926720
1069547.52
63897.6
32051.2
774144
178176
165888
99123.2
31027.2
23654.4
1142947.84
41164.8
17920
496640
267264
604160
863232
17203.2
972800
1342177.28
130048
138240
643072
35942.4
73523.2
84172.8
825344
350208
72601.6
1488977.92
80384
280576
731136
449536
499712
611328
754688
78131.2
119808
812032
114688
1247805.44
35737.6
789504
630784
61440
292864
52326.4
1436549.12
61952
863232
828416
1237319.68
71168
885760
1572864
271360
143360
51609.6
105472
103424
1090519.04
537600
84684.8
274432
12390.4
17612.8
81920
1352663.04
678912
1279262.72
74854.4
1195376.64
8058.88
847872
1583349.76
67174.4
109568
7936
27852.8
19251.2
7598.08
23756.8
29491.2
21606.4
95948.8
1205862.4
22528
